************************************************************
*        WINTRANS/FTOWER Version 2007-06-05                *  2023-03-07
*        Structural Analysis of Lattice Towers             *  12:49:04
************************************************************
Data File Name: C:\Documents and Settings\ХР\Рабочий стол\цкад.fto
Licensed user:                                

Project
Subject
Analysed by:

Load Standard:        SNiP 2.01.07-85 (Russia)
Design Standard:      SNiP II-23-81 (Russia)


Load case nr 1   Wind l+лед
Deformations (mm and deg)
Node Heigh     Dx     Dy     Dz  Tilt Twist
-------------------------------------------
   1   0.0    0.0    0.0    0.0  0.00  0.00
   2   0.0    0.0    0.0    0.0  0.00  0.00
   3   0.0    0.0    0.0    0.0  0.00  0.00
   4   0.0    0.0    0.0    0.0  0.00  0.00
   5   3.0    1.5    0.0    0.0  0.04 -0.02
   6   3.0    1.5    0.0    0.0  0.04  0.02
   7   3.0    1.3    0.0   -0.2  0.01  0.00
   8   3.0    1.3    0.0    0.2  0.01  0.00
   9   3.0    1.6    0.1    1.2  0.09  0.00
  10   3.0    1.6   -0.1    1.2  0.09  0.00
  11   3.0    1.6   -0.1   -1.4  0.09  0.00
  12   3.0    1.6    0.1   -1.4  0.09  0.00
  13   3.0    1.5    0.1    1.8  0.07  0.00
  14   3.0    1.5   -0.1    1.8  0.07  0.00
  15   3.0    1.5   -0.1   -1.9  0.08  0.00
  16   3.0    1.5    0.1   -1.9  0.08  0.00
  17   3.0    1.5    0.0    1.9  0.11  0.01
  18   3.0    1.5    0.0    1.9  0.11 -0.01
  19   3.0    1.5    0.0   -2.1  0.12  0.01
  20   3.0    1.5    0.0   -2.1  0.12 -0.01
  21   3.0    1.1    0.0    0.0  0.04 -0.01
  22   3.0    1.1    0.0    0.0  0.04  0.01
  23   3.0    1.3    0.0   -0.1  0.03  0.00
  24   3.0    1.3    0.0    0.1  0.03  0.00
  25   3.0    1.8    0.0    3.9  0.06  0.00
  26   3.0    1.8    0.0    3.9  0.06  0.00
  27   3.0    1.8    0.0   -4.2  0.06  0.00
  28   3.0    1.8    0.0   -4.2  0.06  0.00
  29   6.0    6.7    0.0   -0.2  0.11 -0.02
  30   6.0    6.7    0.0   -0.2  0.11  0.02
  31   6.0    6.6    0.0    2.8  0.08  0.00
  32   6.0    6.6    0.0   -3.1  0.08  0.00
  33   6.0    6.8    0.1    3.5  0.14  0.00
  34   6.0    6.8   -0.1    3.5  0.14  0.00
  35   6.0    6.8   -0.1   -3.9  0.15  0.00
  36   6.0    6.8    0.1   -3.9  0.15  0.00
  37   6.0    6.7    0.1    3.5  0.14  0.00
  38   6.0    6.7   -0.1    3.5  0.14  0.00
  39   6.0    6.7   -0.1   -4.0  0.15  0.00
  40   6.0    6.7    0.1   -4.0  0.15  0.00
  41   6.0    6.7    0.0    5.6  0.16  0.01
  42   6.0    6.7    0.0    5.6  0.16 -0.01
  43   6.0    6.7    0.0   -6.0  0.16  0.01
  44   6.0    6.7    0.0   -6.0  0.16 -0.01
  45   6.0    6.4    0.0   -0.1  0.11 -0.01
  46   6.0    6.4    0.0   -0.1  0.11  0.01
  47   6.0    6.6    0.0    3.6  0.09  0.00
  48   6.0    6.6    0.0   -3.9  0.09  0.00
  49   6.0    7.0    0.0    7.6  0.13  0.00
  50   6.0    7.0    0.0    7.6  0.13  0.00
  51   6.0    7.0    0.0   -8.2  0.13  0.00
  52   6.0    7.0    0.0   -8.2  0.13  0.00
  53   9.0   15.8    0.0   -0.3  0.18 -0.02
  54   9.0   15.8    0.0   -0.3  0.18  0.02
  55   9.0   15.6    0.0    5.7  0.14  0.00
  56   9.0   15.6    0.0   -6.3  0.14  0.00
  57   9.0   15.9    0.1    5.6  0.21  0.00
  58   9.0   15.9   -0.1    5.6  0.21  0.00
  59   9.0   15.9   -0.1   -6.2  0.21  0.00
  60   9.0   15.9    0.1   -6.2  0.21  0.00
  61   9.0   15.8    0.1    5.2  0.20  0.00
  62   9.0   15.8   -0.1    5.2  0.20  0.00
  63   9.0   15.8   -0.1   -5.9  0.21  0.00
  64   9.0   15.8    0.1   -5.9  0.21  0.00
  65   9.0   15.8    0.0    9.0  0.22  0.01
  66   9.0   15.8    0.0    9.0  0.22 -0.01
  67   9.0   15.8    0.0   -9.8  0.22  0.01
  68   9.0   15.8    0.0   -9.8  0.22 -0.01
  69   9.0   15.5    0.0   -0.3  0.18 -0.01
  70   9.0   15.5    0.0   -0.3  0.18  0.01
  71   9.0   15.6    0.0    7.1  0.16  0.00
  72   9.0   15.6    0.0   -7.7  0.16  0.00
  73   9.0   16.1    0.0   11.0  0.21  0.00
  74   9.0   16.1    0.0   11.0  0.21  0.00
  75   9.0   16.1    0.0  -11.9  0.21  0.00
  76   9.0   16.1    0.0  -11.9  0.21  0.00
  77  12.0   28.7    0.0   -0.4  0.25 -0.04
  78  12.0   28.7    0.0   -0.4  0.25  0.04
  79  12.0   28.4    0.0    8.3  0.22  0.00
  80  12.0   28.4    0.0   -9.2  0.22  0.00
  81  12.0   28.8    0.2    7.5  0.28  0.01
  82  12.0   28.8   -0.2    7.5  0.28 -0.01
  83  12.0   28.7   -0.2   -8.5  0.28  0.01
  84  12.0   28.7    0.2   -8.5  0.28 -0.01
  85  12.0   28.6    0.1    6.7  0.28  0.00
  86  12.0   28.6   -0.1    6.7  0.28  0.00
  87  12.0   28.6   -0.1   -7.7  0.28  0.00
  88  12.0   28.6    0.1   -7.7  0.28  0.00
  89  12.0   28.7    0.0   12.2  0.28  0.01
  90  12.0   28.7    0.0   12.2  0.28 -0.01
  91  12.0   28.7    0.0  -13.2  0.29  0.01
  92  12.0   28.7    0.0  -13.2  0.29 -0.01
  93  12.0   28.2    0.0   -0.4  0.24 -0.02
  94  12.0   28.2    0.0   -0.4  0.24  0.02
  95  12.0   28.4    0.0   10.3  0.23  0.00
  96  12.0   28.4    0.0  -11.2  0.23  0.00
  97  12.0   29.0    0.0   14.2  0.28  0.01
  98  12.0   29.0    0.0   14.2  0.28 -0.01
  99  12.0   29.0    0.1  -15.3  0.28  0.01
 100  12.0   29.0   -0.1  -15.3  0.28 -0.01
 101  15.0   45.4    0.0   -0.6  0.32 -0.04
 102  15.0   45.4    0.0   -0.6  0.32  0.04
 103  15.0   45.2    0.0   10.8  0.29  0.00
 104  15.0   45.2    0.0  -11.9  0.29  0.00
 105  15.0   45.5    0.2    9.3  0.35  0.01
 106  15.0   45.5   -0.2    9.3  0.35 -0.01
 107  15.0   45.5   -0.2  -10.5  0.36  0.01
 108  15.0   45.5    0.2  -10.5  0.36 -0.01
 109  15.0   45.4    0.1    8.1  0.35  0.00
 110  15.0   45.4   -0.1    8.1  0.35  0.00
 111  15.0   45.4   -0.1   -9.3  0.36  0.00
 112  15.0   45.4    0.1   -9.3  0.36  0.00
 113  15.0   45.4    0.0   15.2  0.35  0.01
 114  15.0   45.4    0.0   15.2  0.35 -0.01
 115  15.0   45.4    0.0  -16.4  0.36  0.01
 116  15.0   45.4    0.0  -16.4  0.36 -0.01
 117  15.0   45.0    0.0   -0.6  0.32 -0.02
 118  15.0   45.0    0.0   -0.6  0.32  0.02
 119  15.0   45.2    0.0   13.3  0.31  0.00
 120  15.0   45.2    0.0  -14.4  0.31  0.00
 121  15.0   45.8    0.0   17.1  0.35  0.01
 122  15.0   45.8    0.0   17.1  0.35 -0.01
 123  15.0   45.7    0.1  -18.5  0.35  0.01
 124  15.0   45.7   -0.1  -18.5  0.35 -0.01
 125  18.0   66.1    0.0   -0.7  0.40 -0.04
 126  18.0   66.1    0.0   -0.7  0.40  0.04
 127  18.0   65.9    0.0   13.0  0.37  0.00
 128  18.0   65.9    0.0  -14.4  0.37  0.00
 129  18.0   66.2    0.2   11.0  0.43  0.01
 130  18.0   66.2   -0.2   11.0  0.43 -0.01
 131  18.0   66.2   -0.1  -12.4  0.43  0.01
 132  18.0   66.2    0.1  -12.4  0.43 -0.01
 133  18.0   66.1    0.1    9.4  0.43  0.00
 134  18.0   66.1   -0.1    9.4  0.43  0.00
 135  18.0   66.1   -0.1  -10.9  0.44  0.00
 136  18.0   66.1    0.1  -10.9  0.44  0.00
 137  18.0   66.1    0.0   17.9  0.43  0.01
 138  18.0   66.1    0.0   17.9  0.43 -0.01
 139  18.0   66.1    0.0  -19.4  0.43  0.01
 140  18.0   66.1    0.0  -19.4  0.43 -0.01
 141  18.0   65.7    0.0   -0.7  0.40 -0.02
 142  18.0   65.7    0.0   -0.7  0.40  0.02
 143  18.0   65.9    0.0   16.0  0.38  0.00
 144  18.0   65.9    0.0  -17.4  0.38  0.00
 145  18.0   66.5    0.0   19.8  0.43  0.01
 146  18.0   66.5    0.0   19.8  0.43 -0.01
 147  18.0   66.5    0.0  -21.4  0.43  0.01
 148  18.0   66.5    0.0  -21.4  0.43 -0.01
 149  21.0   91.1    0.0   -0.8  0.48 -0.04
 150  21.0   91.1    0.0   -0.8  0.48  0.04
 151  21.0   90.9    0.0   15.0  0.45  0.00
 152  21.0   90.9    0.0  -16.6  0.45  0.00
 153  21.0   91.2    0.1   12.4  0.51  0.01
 154  21.0   91.2   -0.1   12.4  0.51 -0.01
 155  21.0   91.2   -0.1  -14.1  0.51  0.01
 156  21.0   91.2    0.1  -14.1  0.51 -0.01
 157  21.0   91.0    0.1   10.5  0.51  0.00
 158  21.0   91.0   -0.1   10.5  0.51  0.00
 159  21.0   91.0   -0.1  -12.2  0.52  0.00
 160  21.0   91.0    0.1  -12.2  0.52  0.00
 161  21.0   91.1    0.0   20.3  0.51  0.02
 162  21.0   91.1    0.0   20.3  0.51 -0.02
 163  21.0   91.1    0.0  -22.0  0.52  0.02
 164  21.0   91.1    0.0  -22.0  0.52 -0.02
 165  21.0   90.7    0.0   -0.8  0.48 -0.02
 166  21.0   90.7    0.0   -0.8  0.48  0.02
 167  21.0   90.9    0.0   18.5  0.47  0.00
 168  21.0   90.9    0.0  -20.0  0.47  0.00
 169  21.0   91.4    0.0   22.2  0.52  0.01
 170  21.0   91.4    0.0   22.2  0.52 -0.01
 171  21.0   91.4    0.0  -24.0  0.52  0.01
 172  21.0   91.4    0.0  -24.0  0.52 -0.01
 173  24.0  121.0    0.0   -0.9  0.56 -0.04
 174  24.0  121.0    0.0   -0.9  0.56  0.04
 175  24.0  120.8    0.0   16.8  0.53  0.00
 176  24.0  120.8    0.0  -18.6  0.53  0.00
 177  24.0  121.1    0.1   13.7  0.59  0.01
 178  24.0  121.1   -0.1   13.7  0.59 -0.01
 179  24.0  121.1   -0.1  -15.6  0.60  0.01
 180  24.0  121.1    0.1  -15.6  0.60 -0.01
 181  24.0  121.0    0.1   11.6  0.59  0.00
 182  24.0  121.0   -0.1   11.6  0.59  0.00
 183  24.0  120.9   -0.1  -13.5  0.60  0.00
 184  24.0  120.9    0.1  -13.5  0.60  0.00
 185  24.0  121.0    0.0   22.4  0.60  0.01
 186  24.0  121.0    0.0   22.4  0.60 -0.01
 187  24.0  121.0    0.0  -24.3  0.60  0.01
 188  24.0  121.0    0.0  -24.3  0.60 -0.01
 189  24.0  120.6    0.0   -0.9  0.57 -0.03
 190  24.0  120.6    0.0   -0.9  0.57  0.03
 191  24.0  120.8    0.0   20.6  0.55  0.00
 192  24.0  120.8    0.0  -22.4  0.55  0.00
 193  24.0  121.3    0.0   24.3  0.61  0.01
 194  24.0  121.3    0.0   24.3  0.61 -0.01
 195  24.0  121.3    0.0  -26.3  0.61  0.01
 196  24.0  121.3    0.0  -26.3  0.61 -0.01
 197  27.0  154.9    0.0   -1.0  0.65 -0.04
 198  27.0  154.9    0.0   -1.0  0.65  0.04
 199  27.0  154.7    0.0   18.3  0.61  0.00
 200  27.0  154.7    0.0  -20.3  0.61  0.00
 201  27.0  155.0    0.1   14.8  0.68  0.01
 202  27.0  155.0   -0.1   14.8  0.68 -0.01
 203  27.0  155.0   -0.1  -16.9  0.69  0.01
 204  27.0  155.0    0.1  -16.9  0.69 -0.01
 205  27.0  154.9    0.1   12.4  0.69  0.00
 206  27.0  154.9   -0.1   12.4  0.69  0.00
 207  27.0  154.9   -0.1  -14.5  0.69  0.00
 208  27.0  154.9    0.1  -14.5  0.69  0.00
 209  27.0  155.0    0.0   24.2  0.68  0.02
 210  27.0  155.0    0.0   24.2  0.68 -0.02
 211  27.0  155.0    0.0  -26.3  0.69  0.02
 212  27.0  155.0    0.0  -26.3  0.69 -0.02
 213  27.0  154.6    0.0   -1.0  0.65 -0.03
 214  27.0  154.6    0.0   -1.0  0.65  0.03
 215  27.0  154.7    0.0   22.4  0.64  0.00
 216  27.0  154.7    0.0  -24.4  0.64  0.00
 217  27.0  155.2    0.0   26.1  0.69  0.01
 218  27.0  155.2    0.0   26.1  0.69 -0.01
 219  27.0  155.2    0.0  -28.3  0.69  0.01
 220  27.0  155.2    0.0  -28.3  0.69 -0.01
 221  30.0  193.9    0.0   -1.1  0.74 -0.06
 222  30.0  193.9    0.0   -1.1  0.74  0.06
 223  30.0  193.6    0.0   19.6  0.71  0.00
 224  30.0  193.6    0.0  -21.8  0.71  0.00
 225  30.0  194.0    0.2   15.7  0.78  0.01
 226  30.0  194.0   -0.2   15.7  0.78 -0.01
 227  30.0  194.0   -0.2  -17.9  0.78  0.01
 228  30.0  194.0    0.2  -17.9  0.78 -0.01
 229  30.0  193.8    0.1   13.1  0.78  0.01
 230  30.0  193.8   -0.1   13.1  0.78 -0.01
 231  30.0  193.8   -0.1  -15.3  0.78  0.01
 232  30.0  193.8    0.1  -15.3  0.78 -0.01
 233  30.0  193.9   -0.1   25.7  0.78  0.02
 234  30.0  193.9    0.1   25.7  0.78 -0.02
 235  30.0  193.9    0.1  -28.0  0.78  0.02
 236  30.0  193.9   -0.1  -28.0  0.78 -0.02
 237  30.0  193.4    0.0   -1.1  0.74 -0.05
 238  30.0  193.4    0.0   -1.1  0.74  0.05
 239  30.0  193.6    0.0   24.0  0.73  0.00
 240  30.0  193.6    0.0  -26.1  0.73  0.00
 241  30.0  194.3   -0.1   27.5  0.79  0.01
 242  30.0  194.3    0.1   27.5  0.79 -0.01
 243  30.0  194.3    0.1  -29.9  0.79  0.01
 244  30.0  194.3   -0.1  -29.9  0.79 -0.01
 245  33.0  238.2    0.0   -1.2  0.84 -0.06
 246  33.0  238.2    0.0   -1.2  0.84  0.06
 247  33.0  238.0    0.0   20.5  0.81  0.00
 248  33.0  238.0    0.0  -22.8  0.81  0.00
 249  33.0  238.3    0.2   16.3  0.87  0.01
 250  33.0  238.3   -0.2   16.3  0.87 -0.01
 251  33.0  238.3   -0.2  -18.7  0.88  0.01
 252  33.0  238.3    0.2  -18.7  0.88 -0.01
 253  33.0  238.2    0.1   13.5  0.88  0.00
 254  33.0  238.2   -0.1   13.5  0.88  0.00
 255  33.0  238.2   -0.1  -16.0  0.88  0.00
 256  33.0  238.2    0.1  -16.0  0.88  0.00
 257  33.0  238.2    0.0   26.8  0.87  0.02
 258  33.0  238.2    0.0   26.8  0.87 -0.02
 259  33.0  238.2    0.0  -29.2  0.88  0.02
 260  33.0  238.2    0.0  -29.2  0.88 -0.02
 261  33.0  237.7    0.0   -1.2  0.84 -0.05
 262  33.0  237.7    0.0   -1.2  0.84  0.05
 263  33.0  238.0    0.0   25.1  0.83  0.00
 264  33.0  238.0    0.0  -27.5  0.83  0.00
 265  33.0  238.6    0.0   28.6  0.90  0.01
 266  33.0  238.6    0.0   28.6  0.90 -0.01
 267  33.0  238.6    0.0  -31.1  0.90  0.01
 268  33.0  238.6    0.0  -31.1  0.90 -0.01
 269  36.0  288.1    0.0   -1.3  0.95 -0.07
 270  36.0  288.1    0.0   -1.3  0.95  0.07
 271  36.0  288.0    0.0   21.1  0.91  0.00
 272  36.0  288.0    0.0  -23.7  0.91  0.00
 273  36.0  288.2    0.2   16.8  0.98  0.00
 274  36.0  288.2   -0.2   16.8  0.98  0.00
 275  36.0  288.2   -0.2  -19.4  0.99  0.00
 276  36.0  288.2    0.2  -19.4  0.99  0.00
 277  36.0  288.0    0.2   13.9  0.98  0.00
 278  36.0  288.0   -0.2   13.9  0.98  0.00
 279  36.0  288.0   -0.2  -16.5  0.99  0.00
 280  36.0  288.0    0.2  -16.5  0.99  0.00
 281  36.0  288.2    0.1   27.6  0.98  0.02
 282  36.0  288.2   -0.1   27.6  0.98 -0.02
 283  36.0  288.2   -0.1  -30.2  0.98  0.02
 284  36.0  288.2    0.1  -30.2  0.98 -0.02
 285  36.0  287.5    0.0   -1.3  0.95 -0.06
 286  36.0  287.5    0.0   -1.3  0.95  0.06
 287  36.0  288.0    0.0   25.9  0.94  0.00
 288  36.0  288.0    0.0  -28.4  0.94  0.00
 289  36.0  288.3    0.3   29.3  0.99 -0.01
 290  36.0  288.3   -0.3   29.3  0.99  0.01
 291  36.0  288.3   -0.3  -32.0  0.99 -0.01
 292  36.0  288.3    0.3  -32.0  0.99  0.01
 293  38.1  326.9    0.0   -1.4  1.06 -0.02
 294  38.1  326.9    0.0   -1.4  1.06  0.02
 295  38.1  327.6    0.0   28.6  1.12  0.00
 296  38.1  327.6    0.0  -31.3  1.12  0.00
 297  38.1  327.1    0.3   29.5  1.11 -0.02
 298  38.1  327.1   -0.3   29.5  1.11  0.02
 299  38.1  327.1   -0.3  -32.3  1.11 -0.02
 300  38.1  327.1    0.3  -32.3  1.11  0.02
 301  40.0  364.8    2.1   29.4  1.16 -0.06
 302  40.0  364.8   -2.1   29.4  1.16  0.06
 303  40.0  364.9   -2.1  -32.2  1.16 -0.06
 304  40.0  364.9    2.2  -32.2  1.16  0.06
 305  41.6  397.1    0.0   -1.5  1.21 -0.05
 306  41.6  397.1    0.0   -1.5  1.21  0.05
 307  41.6  398.3    0.0   30.0  1.22  0.00
 308  41.6  398.3    0.0  -32.9  1.22  0.00
 309  41.6  397.4    0.6   29.7  1.22 -0.04
 310  41.6  397.4   -0.6   29.7  1.22  0.04
 311  41.6  397.4   -0.6  -32.6  1.22 -0.04
 312  41.6  397.4    0.6  -32.6  1.22  0.04
 313  43.0  429.1    1.1   29.7  1.30 -0.04
 314  43.0  429.1   -1.1   29.7  1.30  0.04
 315  43.0  429.1   -1.2  -32.7  1.30 -0.04
 316  43.0  429.1    1.2  -32.7  1.30  0.04
 317  44.6  465.7    0.0   -1.5  1.36 -0.04
 318  44.6  465.7    0.0   -1.5  1.36  0.04
 319  44.6  466.8    0.0   29.2  1.38  0.00
 320  44.6  466.8    0.0  -32.3  1.38  0.00
 321  44.6  466.0    0.5   29.6  1.38 -0.04
 322  44.6  466.0   -0.5   29.6  1.38  0.04
 323  44.6  466.0   -0.5  -32.6  1.38 -0.04
 324  44.6  466.0    0.5  -32.6  1.38  0.04
 325  46.0  501.3    1.5   29.2  1.45 -0.06
 326  46.0  501.3   -1.5   29.2  1.45  0.06
 327  46.0  501.3   -1.6  -32.3  1.45 -0.06
 328  46.0  501.3    1.6  -32.3  1.45  0.06
 329  47.6  542.7    0.0   -1.6  1.52 -0.05
 330  47.6  542.7    0.0   -1.6  1.52  0.05
 331  47.6  543.8    0.0   28.6  1.55  0.00
 332  47.6  543.8    0.0  -31.7  1.55  0.00
 333  47.6  542.9    0.5   28.8  1.54 -0.04
 334  47.6  543.0   -0.5   28.8  1.54  0.04
 335  47.6  543.0   -0.5  -32.0  1.54 -0.04
 336  47.6  543.0    0.5  -32.0  1.54  0.04
 337  49.0  582.0    1.6   28.1  1.62 -0.07
 338  49.0  582.0   -1.6   28.1  1.62  0.07
 339  49.0  582.0   -1.6  -31.4  1.62 -0.07
 340  49.0  582.1    1.6  -31.4  1.62  0.07
 341  50.3  620.2    0.0   -1.6  1.69 -0.07
 342  50.3  620.2    0.0   -1.6  1.69  0.07
 343  50.3  621.3    0.0   27.7  1.71  0.00
 344  50.3  621.4    0.0  -31.0  1.71  0.00
 345  50.3  620.5    0.5   27.8  1.71 -0.05
 346  50.3  620.5   -0.5   27.8  1.71  0.05
 347  50.3  620.5   -0.5  -31.1  1.71 -0.05
 348  50.3  620.5    0.5  -31.1  1.71  0.05
 349  51.5  656.8    1.2   27.2  1.81 -0.07
 350  51.5  656.8   -1.2   27.2  1.81  0.07
 351  51.5  656.9   -1.2  -30.6  1.81 -0.07
 352  51.5  656.9    1.3  -30.6  1.81  0.07
 353  52.6  690.8    0.0   -1.7  1.85 -0.05
 354  52.6  690.8    0.0   -1.7  1.85  0.06
 355  52.6  691.6    0.0   26.7  1.89  0.00
 356  52.6  691.6    0.0  -30.1  1.89  0.00
 357  52.6  691.0    0.5   26.6  1.89 -0.04
 358  52.6  691.0   -0.5   26.6  1.89  0.04
 359  52.6  691.0   -0.5  -30.0  1.89 -0.04
 360  52.6  691.0    0.5  -30.0  1.89  0.04
 361  53.5  722.9    0.7   26.0  1.96 -0.04
 362  53.5  722.9   -0.8   26.0  1.96  0.04
 363  53.5  722.9   -0.8  -29.4  1.96 -0.05
 364  53.5  722.9    0.8  -29.4  1.96  0.05
 365  54.3  750.2    0.0   -1.7  1.97 -0.03
 366  54.3  750.2    0.0   -1.7  1.97  0.03
 367  54.3  750.4    0.0   25.6  2.00  0.00
 368  54.3  750.4    0.0  -29.1  2.00  0.00
 369  54.3  750.2    0.2   25.3  2.02 -0.01
 370  54.3  750.3   -0.2   25.3  2.02  0.01
 371  54.3  750.3   -0.2  -28.8  2.02 -0.02
 372  54.3  750.3    0.2  -28.8  2.02  0.02
 373  55.0  775.9    0.0   24.6  2.11  0.01
 374  55.0  776.0    0.0   24.6  2.11 -0.01
 375  55.0  775.9    0.0  -28.2  2.11  0.01
 376  55.0  776.0    0.0  -28.2  2.11 -0.01
 377  55.5  794.4    0.0   -1.8  2.05 -0.01
 378  55.5  794.5    0.0   -1.8  2.05  0.01
 379  55.5  794.6    0.0   25.0  2.17  0.00
 380  55.5  794.6    0.0  -28.5  2.17  0.00
 381  56.0  813.6    0.2   25.6  2.18  0.00
 382  56.0  813.6   -0.2   25.6  2.18  0.01
 383  56.0  813.5   -0.2  -29.1  2.18 -0.01
 384  56.0  813.6    0.2  -29.1  2.18  0.01
 385  56.5  832.5    0.0   -1.7  2.13 -0.01
 386  56.5  832.5    0.0   -1.7  2.13  0.02
 387  56.5  832.8    0.0   26.2  2.21  0.00
 388  56.5  832.8    0.0  -29.8  2.22  0.00
 389  57.0  852.3    0.2   26.8  2.27 -0.01
 390  57.0  852.3   -0.2   26.8  2.27  0.02
 391  57.0  852.4   -0.2  -30.4  2.27 -0.01
 392  57.0  852.4    0.2  -30.4  2.27  0.02
 393  57.5  872.3    0.0   -1.9  2.23 -0.02
 394  57.5  872.3    0.0   -1.8  2.23  0.02
 395  57.5  872.6    0.0   27.2  2.35  0.00
 396  57.5  872.6    0.0  -30.8  2.34  0.00
 397  58.0  893.0    0.4   27.9  2.38 -0.03
 398  58.0  893.1   -0.4   27.9  2.38  0.03
 399  58.0  893.0   -0.4  -31.6  2.38 -0.03
 400  58.0  893.1    0.4  -31.6  2.38  0.03
 401  58.5  913.8    0.0   -1.8  2.31 -0.03
 402  58.5  913.8    0.0   -1.8  2.31  0.03
 403  58.5  914.1    0.0   28.4  2.41  0.00
 404  58.5  914.2    0.0  -32.1  2.42  0.00
 405  59.0  935.2    0.3   28.9  2.45 -0.02
 406  59.0  935.2   -0.3   28.9  2.45  0.03
 407  59.0  935.2   -0.3  -32.6  2.45 -0.02
 408  59.0  935.2    0.4  -32.6  2.45  0.02
 409  59.5  956.6    0.0   -1.9  2.37 -0.01
 410  59.5  956.6    0.0   -1.9  2.37  0.02
 411  59.5  956.9    0.0   29.4  2.48  0.00
 412  59.5  956.8    0.0  -33.2  2.47  0.00
 413  60.0  978.5    0.0   29.6  2.50  0.00
 414  60.0  978.5   -0.1   29.6  2.50  0.01
 415  60.0  978.4    0.0  -33.3  2.50 -0.01
 416  60.0  978.5    0.1  -33.3  2.50  0.00
 417  60.5 1000.2    0.0   -1.8  2.42  0.00
 418  60.5 1000.2    0.0   -1.8  2.42  0.00
 419  60.5 1000.4    0.0   29.8  2.51  0.00
 420  60.5 1000.4    0.0  -33.6  2.52  0.00
 421  61.0 1022.3    0.1   30.2  2.52 -0.01
 422  61.0 1022.3   -0.1   30.1  2.52  0.01
 423  61.0 1022.4    0.0  -34.0  2.53  0.00
 424  61.0 1022.4    0.1  -34.0  2.53  0.01
 425  61.5 1044.5    0.0   -2.0  2.49 -0.02
 426  61.5 1044.5    0.0   -2.0  2.49  0.03
 427  61.5 1044.8    0.0   30.4  2.60  0.00
 428  61.5 1044.9    0.0  -34.2  2.59  0.00
 429  62.0 1067.5    0.4   31.3  2.62 -0.03
 430  62.0 1067.5   -0.5   31.2  2.62  0.03
 431  62.0 1067.4   -0.5  -35.1  2.62 -0.04
 432  62.0 1067.4    0.5  -35.1  2.62  0.04
 433  62.5 1090.4    0.0   -1.9  2.57 -0.03
 434  62.5 1090.4    0.0   -1.9  2.57  0.04
 435  62.5 1090.7    0.0   31.8  2.65  0.00
 436  62.5 1090.7    0.0  -35.8  2.66  0.00
 437  63.0 1113.8    0.2   32.1  2.69 -0.02
 438  63.0 1113.8   -0.3   32.1  2.69  0.02
 439  63.0 1113.9   -0.2  -36.1  2.69 -0.01
 440  63.0 1113.9    0.3  -36.0  2.69  0.01
 441  63.5 1137.3    0.0   -2.1  2.63  0.00
 442  63.5 1137.4    0.1   -2.1  2.62  0.01
 443  63.5 1137.6    0.0   32.6  2.72  0.00
 444  63.5 1137.5    0.0  -36.5  2.70  0.00
 445  64.0 1161.3    0.0   32.6  2.72  0.01
 446  64.0 1161.3    0.0   32.6  2.71  0.02
 447  64.0 1161.1    0.0  -36.6  2.72 -0.01
 448  64.0 1161.1    0.1  -36.6  2.72  0.00
 449  64.5 1184.8    0.0   -1.9  2.66  0.00
 450  64.5 1184.8    0.1   -1.9  2.65  0.00
 451  64.5 1184.9    0.0   32.7  2.70  0.00
 452  64.5 1184.9    0.0  -36.8  2.73  0.00
 453  65.0 1208.6    0.1   33.0  2.72  0.00
 454  65.0 1208.5    0.0   32.9  2.72  0.01
 455  65.0 1208.8    0.0  -37.0  2.73  0.00
 456  65.0 1208.7    0.0  -37.0  2.72  0.01
 457  65.5 1232.5    0.0   -2.1  2.68 -0.02
 458  65.5 1232.4    0.0   -2.2  2.68  0.00
 459  65.5 1232.5    0.1   33.1  2.76  0.00
 460  65.5 1232.6    0.0  -37.1  2.73  0.01
 461  66.0 1256.6    0.2   33.2  2.76  0.00
 462  66.0 1256.5    0.0   33.2  2.74  0.00
 463  66.0 1256.6   -0.2  -37.3  2.75 -0.01
 464  66.0 1256.2    0.1  -37.3  2.75  0.02
 465  66.5 1280.6    0.1   -2.0  2.70 -0.02
 466  66.5 1280.3    0.0   -1.8  2.69 -0.01
 467  66.5 1280.5    0.1   33.3  2.74  0.02
 468  66.5 1280.6   -0.1  -37.5  2.77  0.02
 469  67.0 1304.8    0.2   33.4  2.75  0.01
 470  67.0 1304.2    0.2   33.3  2.75  0.01
 471  67.0 1304.8   -0.1  -37.5  2.76 -0.02
 472  67.0 1304.7   -0.2  -37.4  2.79  0.00
 473  68.0 1352.9    0.2   33.4  2.75  0.01
 474  68.0 1352.6    0.1   33.4  2.78 -0.01
 475  68.0 1352.8    0.0  -37.6  2.74 -0.02
 476  68.0 1353.4   -0.3  -37.4  2.79  0.01
 477  56.0  814.0   -0.5   68.3  2.18 -0.02
 478  56.0  814.3   -0.5   68.4  2.17 -0.02
 479  56.5  833.0   -0.1   68.3  2.17  0.00
 480  56.5  833.1   -0.1   68.4  2.15 -0.01
 481  56.0  814.8    0.5  108.0  2.01  0.00
 482  56.0  814.6    0.4  108.1  2.03  0.00
 483  56.0  813.7   -0.3  -72.7  2.28  0.00
 484  56.0  813.8   -0.3  -72.9  2.27  0.01
 485  56.5  833.4    0.4  -72.7  2.25  0.00
 486  56.5  833.3    0.4  -72.9  2.23  0.00
 487  56.0  814.1    0.0 -115.7  2.21 -0.01
 488  56.0  814.0    0.0 -116.2  2.26 -0.01
 489  60.0  979.0   -0.4   77.6  2.44 -0.03
 490  60.0  979.2   -0.4   77.7  2.43 -0.01
 491  60.5 1000.3   -0.1   77.6  2.45 -0.01
 492  60.5 1000.4   -0.1   77.7  2.44 -0.01
 493  60.0  979.8    0.5  122.5  2.28  0.01
 494  60.0  979.5    0.4  122.7  2.31  0.01
 495  60.0  978.7   -0.3  -82.3  2.55  0.01
 496  60.0  978.7   -0.3  -82.5  2.54  0.00
 497  60.5 1000.8    0.3  -82.3  2.53  0.00
 498  60.5 1000.6    0.4  -82.5  2.52  0.00
 499  60.0  979.0    0.1 -130.6  2.49 -0.01
 500  60.0  978.9    0.0 -131.1  2.55 -0.01
 501  64.0 1161.8   -0.4   84.3  2.62 -0.03
 502  64.0 1162.0   -0.4   84.3  2.62 -0.01
 503  64.5 1184.8   -0.2   84.3  2.64 -0.01
 504  64.5 1184.9   -0.2   84.3  2.63  0.00
 505  64.0 1162.6    0.4  132.8  2.47  0.01
 506  64.0 1162.3    0.3  133.0  2.50  0.01
 507  64.0 1161.4   -0.2  -89.3  2.73  0.01
 508  64.0 1161.5   -0.2  -89.5  2.73  0.00
 509  64.5 1185.2    0.3  -89.3  2.73  0.01
 510  64.5 1185.1    0.3  -89.6  2.72  0.00
 511  64.0 1161.8    0.2 -141.1  2.66 -0.01
 512  64.0 1161.7    0.2 -141.7  2.72 -0.01
 513  67.5 1328.6   -0.1   81.5  2.75  0.02
 514  67.5 1328.6   -0.1   81.7  2.78  0.02
 515  67.5 1329.8   -0.1  -86.9  2.90 -0.03
 516  67.5 1329.5   -0.2  -86.0  2.75 -0.05


Strength summary of lattice structure members

Following cases are included in the summary:
Nr  Case name
----------------------------------
 1  Wind l+лед
----------------------------------

Body panel nr 1 
 Mem Ty G  Leng  Lbuc Sle    Fbuc Lc N    Fmin Lc    Fmax Lc  Cbuc Cten Cbea Cbol Cben  Cmax   Profile/Material - Bolt
----------------------------------------------------------------------------------------------------------------------
   4  1    3009  1003  20-3430418  1  -3430418  1 3187159  1  0.97 0.86      1.25       1.25 * L250x24/S355 - 20xM60A-bolt
   8  3    4805 -4805 162  -23963  1 4  -47720  1   47705  1  0.36 0.16 0.49 0.94       0.94   L80x8/S355 - 2xM12/8.8
  12  4    4805 -4805 162  -23963  1 4    -207  1     192  1  0.36 0.00 0.00 0.00       0.36   L80x8/S355 - 2xM12/8.8
  20  6    1793 -3586 135  -37300  1    -37300  1   36957  1  0.69 0.42 0.59 0.75 0.34  0.75   L70x7/S355 - 1xM16/8.8
  28  7    1793 -3586 135   -2588  1     -2588  1    2244  1  0.05 0.03 0.04 0.05 0.34  0.34   L70x7/S355 - 1xM16/8.8
Plan frame
  36 11 1  1890  1890 159   -2173  1     -2173  1    2004  1  0.11 0.05 0.06 0.08 0.45  0.45   L50x5/S355 - 1xM12/8.8
  44 11 2  2363  2363 199   -2152  1     -2152  1    1982  1  0.16 0.04 0.06 0.08 0.57  0.57   L50x5/S355 - 1xM12/8.8
  52 11 3  1418  1418 122    -661  1      -661  1     716  1  0.02 0.02 0.02 0.03 0.34  0.34   L50x5/S355 - 1xM12/8.8
  56 11 4  1902  1902 179   -1670  1     -1670  1    1468  1  0.11 0.04 0.05 0.06 0.57  0.57   L45x5/S355 - 1xM12/8.8
  60 11 5   598   598  73     -24  1       -24  1      23  1  0.00 0.00 0.00 0.00 0.17  0.17   L45x5/S355 - 1xM12/8.8
Redundant block nr 1 
  64 10 1  2391  2391 136  -68608  1    -68608  1   68608  1  0.78 0.46 0.68 0.89 0.11  0.89   L90x9/S355 - 1xM20/8.8
  68 10 2  2391  2391 136  -68608  1    -68608  1   68608  1  0.78 0.46 0.68 0.89 0.11  0.89   L90x9/S355 - 1xM20/8.8
  72 10 3  2542  2542 145  -68608  1    -68608  1   68608  1  0.88 0.46 0.68 0.89 0.12  0.89   L90x9/S355 - 1xM20/8.8
  76 10 4  2542  2542 145  -68608  1    -68608  1   68608  1  0.88 0.46 0.68 0.89 0.12  0.89   L90x9/S355 - 1xM20/8.8
  80 10 5  3381  3381 192       0  0         0  0       0  0                      0.16  0.16   L90x9/S355 - 1xM12/8.8
Redundant block nr 2 
  84 10 1  1195  1195  88  -68608  1    -68608  1   68608  1  0.59 0.83 0.88 0.89 0.10  0.89   L70x7/S355 - 1xM20/8.8
  88 10 2  1195  1195  88  -68608  1    -68608  1   68608  1  0.59 0.83 0.88 0.89 0.10  0.89   L70x7/S355 - 1xM20/8.8
  92 10 3  1518  1518 111  -68608  1    -68608  1   68608  1  0.88 0.83 0.88 0.89       0.89   L70x7/S355 - 1xM20/8.8
  96 10 4  1518  1518 111  -68608  1    -68608  1   68608  1  0.88 0.83 0.88 0.89       0.89   L70x7/S355 - 1xM20/8.8
 100 10 5  1691  1691 194       0  0         0  0       0  0                      0.50  0.50   L45x5/S355 - 1xM12/8.8

Body panel nr 2 
 Mem Ty G  Leng  Lbuc Sle    Fbuc Lc N    Fmin Lc    Fmax Lc  Cbuc Cten Cbea Cbol Cben  Cmax   Profile/Material - Bolt
----------------------------------------------------------------------------------------------------------------------
 104  1    3009  1003  20-3391661  1  -3391661  1 3162437  1  0.96 0.85                 0.96   L250x24/S355
 108  3    4679 -4679 158  -24816  1 4  -49398  1   49382  1  0.35 0.16 0.51 0.97       0.97   L80x8/S355 - 2xM12/8.8
 112  4    4679 -4679 158  -24816  1 4    -234  1     217  1  0.35 0.00 0.00 0.00       0.35   L80x8/S355 - 2xM12/8.8
 120  6    1711 -3423 129  -37934  1    -37934  1   37551  1  0.65 0.42 0.60 0.76 0.32  0.76   L70x7/S355 - 1xM16/8.8
 128  7    1711 -3423 129   -3230  1     -3230  1    2847  1  0.06 0.03 0.05 0.07 0.32  0.32   L70x7/S355 - 1xM16/8.8
Plan frame
 136 11 1  1804  1804 152   -2046  1     -2046  1    1859  1  0.09 0.04 0.06 0.07 0.43  0.43   L50x5/S355 - 1xM12/8.8
 144 11 2  2255  2255 190   -2023  1     -2023  1    1834  1  0.14 0.04 0.06 0.07 0.54  0.54   L50x5/S355 - 1xM12/8.8
 152 11 3  1353  1353 118    -615  1      -615  1     677  1  0.02 0.02 0.02 0.02 0.32  0.32   L50x5/S355 - 1xM12/8.8
 156 11 4  1815  1815 171   -1581  1     -1581  1    1357  1  0.10 0.04 0.05 0.06 0.54  0.54   L45x5/S355 - 1xM12/8.8
 160 11 5   570   570  71     -28  1       -28  1      27  1  0.00 0.00 0.00 0.00 0.17  0.17   L45x5/S355 - 1xM12/8.8
Redundant block nr 3 
 164 10 1  2282  2282 130  -67833  1    -67833  1   67833  1  0.71 0.45 0.68 0.88 0.10  0.88   L90x9/S355 - 1xM20/8.8
 168 10 2  2282  2282 130  -67833  1    -67833  1   67833  1  0.71 0.45 0.68 0.88 0.10  0.88   L90x9/S355 - 1xM20/8.8
 172 10 3  2442  2442 139  -67833  1    -67833  1   67833  1  0.80 0.45 0.68 0.88 0.11  0.88   L90x9/S355 - 1xM20/8.8
 176 10 4  2442  2442 139  -67833  1    -67833  1   67833  1  0.80 0.45 0.68 0.88 0.11  0.88   L90x9/S355 - 1xM20/8.8
 180 10 5  3227  3227 184       0  0         0  0       0  0                      0.15  0.15   L90x9/S355 - 1xM12/8.8
Redundant block nr 4 
 184 10 1  1141  1141  84  -67833  1    -67833  1   67833  1  0.55 0.83 0.87 0.88 0.10  0.88   L70x7/S355 - 1xM20/8.8
 188 10 2  1141  1141  84  -67833  1    -67833  1   67833  1  0.55 0.83 0.87 0.88 0.10  0.88   L70x7/S355 - 1xM20/8.8
 192 10 3  1478  1478 108  -67833  1    -67833  1   67833  1  0.82 0.83 0.87 0.88       0.88   L70x7/S355 - 1xM20/8.8
 196 10 4  1478  1478 108  -67833  1    -67833  1   67833  1  0.82 0.83 0.87 0.88       0.88   L70x7/S355 - 1xM20/8.8
 200 10 5  1613  1613 185       0  0         0  0       0  0                      0.48  0.48   L45x5/S355 - 1xM12/8.8

Body panel nr 3 
 Mem Ty G  Leng  Lbuc Sle    Fbuc Lc N    Fmin Lc    Fmax Lc  Cbuc Cten Cbea Cbol Cben  Cmax   Profile/Material - Bolt
----------------------------------------------------------------------------------------------------------------------
 204  1    3009  1003  20-3351662  1  -3351662  1 3135854  1  0.95 0.85                 0.95   L250x24/S355
 208  3    4554 -4554 176  -25336  1 4  -50416  1   50400  1  0.58 0.22 0.59 1.00       1.00   L70x7/S355 - 2xM12/8.8
 212  4    4554 -4554 176  -25336  1 4    -256  1     240  1  0.58 0.00 0.00 0.01       0.58   L70x7/S355 - 2xM12/8.8
 220  6    1630 -3259 123  -37934  1    -37934  1   37586  1  0.59 0.42 0.60 0.76 0.31  0.76   L70x7/S355 - 1xM16/8.8
 228  7    1630 -3259 123   -3162  1     -3162  1    2814  1  0.05 0.03 0.05 0.06 0.31  0.31   L70x7/S355 - 1xM16/8.8
Plan frame
 236 11 1  1718  1718 145   -2052  1     -2052  1    1882  1  0.08 0.04 0.06 0.07 0.41  0.41   L50x5/S355 - 1xM12/8.8
 244 11 2  2147  2147 181   -2036  1     -2036  1    1864  1  0.13 0.04 0.06 0.07 0.52  0.52   L50x5/S355 - 1xM12/8.8
 252 11 3  1288  1288 114    -625  1      -625  1     680  1  0.02 0.02 0.02 0.02 0.30  0.30   L50x5/S355 - 1xM12/8.8
 256 11 4  1728  1728 163   -1585  1     -1585  1    1381  1  0.09 0.04 0.05 0.06 0.51  0.51   L45x5/S355 - 1xM12/8.8
 260 11 5   543   543  69     -25  1       -25  1      24  1  0.00 0.00 0.00 0.00 0.16  0.16   L45x5/S355 - 1xM12/8.8
Redundant block nr 5 
 264 10 1  2173  2173 124  -67033  1    -67033  1   67033  1  0.64 0.45 0.67 0.87 0.10  0.87   L90x9/S355 - 1xM20/8.8
 268 10 2  2173  2173 124  -67033  1    -67033  1   67033  1  0.64 0.45 0.67 0.87 0.10  0.87   L90x9/S355 - 1xM20/8.8
 272 10 3  2343  2343 133  -67033  1    -67033  1   67033  1  0.74 0.45 0.67 0.87 0.11  0.87   L90x9/S355 - 1xM20/8.8
 276 10 4  2343  2343 133  -67033  1    -67033  1   67033  1  0.74 0.45 0.67 0.87 0.11  0.87   L90x9/S355 - 1xM20/8.8
 280 10 5  3073  3073 197       0  0         0  0       0  0                      0.20  0.20   L80x8/S355 - 1xM12/8.8
Redundant block nr 6 
 284 10 1  1086  1086  80  -67033  1    -67033  1   67033  1  0.51 0.82 0.86 0.87 0.09  0.87   L70x7/S355 - 1xM20/8.8
 288 10 2  1086  1086  80  -67033  1    -67033  1   67033  1  0.51 0.82 0.86 0.87 0.09  0.87   L70x7/S355 - 1xM20/8.8
 292 10 3  1438  1438 105  -67033  1    -67033  1   67033  1  0.77 0.82 0.86 0.87       0.87   L70x7/S355 - 1xM20/8.8
 296 10 4  1438  1438 105  -67033  1    -67033  1   67033  1  0.77 0.82 0.86 0.87       0.87   L70x7/S355 - 1xM20/8.8
 300 10 5  1536  1536 176       0  0         0  0       0  0                      0.46  0.46   L45x5/S355 - 1xM12/8.8

Body panel nr 4 
 Mem Ty G  Leng  Lbuc Sle    Fbuc Lc N    Fmin Lc    Fmax Lc  Cbuc Cten Cbea Cbol Cben  Cmax   Profile/Material - Bolt
----------------------------------------------------------------------------------------------------------------------
 304  1    3009  1003  20-3310038  1  -3310038  1 3106736  1  0.94 0.84                 0.94   L250x24/S355
 308  3    4433 -4433 171  -26188  1 4  -52206  1   52195  1  0.57 0.23 0.46 0.58       0.58   L70x7/S355 - 2xM16/8.8
 312  4    4433 -4433 171  -26188  1 4    -169  1     159  1  0.57 0.00 0.00 0.00       0.57   L70x7/S355 - 2xM16/8.8
 320  6    1548 -3095 136  -38365  1    -38365  1   38081  1  0.99 0.62 0.71 0.77 0.45  0.99   L60x6/S355 - 1xM16/8.8
 328  7    1548 -3095 136   -3610  1     -3610  1    3326  1  0.09 0.05 0.07 0.07 0.45  0.45   L60x6/S355 - 1xM16/8.8
Plan frame
 336 11 1  1631  1631 154   -2413  1     -2413  1    2232  1  0.12 0.06 0.07 0.09 0.48  0.48   L45x5/S355 - 1xM12/8.8
 344 11 2  2039  2039 192   -2408  1     -2408  1    2226  1  0.19 0.06 0.07 0.09 0.61  0.61   L45x5/S355 - 1xM12/8.8
 352 11 3  1224  1224 119    -743  1      -743  1     803  1  0.02 0.02 0.02 0.03 0.36  0.36   L45x5/S355 - 1xM12/8.8
 356 11 4  1642  1642 155   -1866  1     -1866  1    1649  1  0.10 0.04 0.05 0.07 0.49  0.49   L45x5/S355 - 1xM12/8.8
 360 11 5   516   516  66     -19  1       -19  1      18  1  0.00 0.00 0.00 0.00 0.15  0.15   L45x5/S355 - 1xM12/8.8
Redundant block nr 7 
 364 10 1  2064  2064 132  -66201  1    -66201  1   66201  1  0.90 0.58 0.74 0.86 0.13  0.90   L80x8/S355 - 1xM20/8.8
 368 10 2  2064  2064 132  -66201  1    -66201  1   66201  1  0.90 0.58 0.74 0.86 0.13  0.90   L80x8/S355 - 1xM20/8.8
 372 10 3  2245  2245 128  -66201  1    -66201  1   66201  1  0.67 0.44 0.66 0.86 0.10  0.86   L90x9/S355 - 1xM20/8.8
 376 10 4  2245  2245 128  -66201  1    -66201  1   66201  1  0.67 0.44 0.66 0.86 0.10  0.86   L90x9/S355 - 1xM20/8.8
 380 10 5  2918  2918 187       0  0         0  0       0  0                      0.19  0.19   L80x8/S355 - 1xM12/8.8
Redundant block nr 8 
 384 10 1  1032  1032  76  -66201  1    -66201  1   66201  1  0.47 0.81 0.85 0.86 0.09  0.86   L70x7/S355 - 1xM20/8.8
 388 10 2  1032  1032  76  -66201  1    -66201  1   66201  1  0.47 0.81 0.85 0.86 0.09  0.86   L70x7/S355 - 1xM20/8.8
 392 10 3  1399  1399 103  -66201  1    -66201  1   66201  1  0.73 0.81 0.85 0.86       0.86   L70x7/S355 - 1xM20/8.8
 396 10 4  1399  1399 103  -66201  1    -66201  1   66201  1  0.73 0.81 0.85 0.86       0.86   L70x7/S355 - 1xM20/8.8
 400 10 5  1459  1459 168       0  0         0  0       0  0                      0.43  0.43   L45x5/S355 - 1xM12/8.8

Body panel nr 5 
 Mem Ty G  Leng  Lbuc Sle    Fbuc Lc N    Fmin Lc    Fmax Lc  Cbuc Cten Cbea Cbol Cben  Cmax   Profile/Material - Bolt
----------------------------------------------------------------------------------------------------------------------
 404  1    3009  1003  20-3266009  1  -3266009  1 3074532  1  0.93 0.83                 0.93   L250x24/S355
 408  3    4314 -4314 167  -27411  1 4  -54630  1   54619  1  0.56 0.24 0.43 0.72       0.72   L70x7/S355 - 3xM12/8.8
 412  4    4314 -4314 167  -27411  1 4    -192  1     180  1  0.56 0.00 0.00 0.00       0.56   L70x7/S355 - 3xM12/8.8
 420  6    1466 -2932 129  -39158  1    -39158  1   38881  1  0.91 0.63 0.73 0.79 0.42  0.91   L60x6/S355 - 1xM16/8.8
 428  7    1466 -2932 129   -3737  1     -3737  1    3460  1  0.09 0.06 0.07 0.08 0.42  0.42   L60x6/S355 - 1xM16/8.8
Plan frame
 436 11 1  1545  1545 146   -2441  1     -2441  1    2264  1  0.11 0.06 0.07 0.09 0.46  0.46   L45x5/S355 - 1xM12/8.8
 444 11 2  1932  1932 182   -2436  1     -2436  1    2258  1  0.17 0.06 0.07 0.09 0.58  0.58   L45x5/S355 - 1xM12/8.8
 452 11 3  1159  1159 114    -754  1      -754  1     812  1  0.02 0.02 0.02 0.03 0.34  0.34   L45x5/S355 - 1xM12/8.8
 456 11 4  1555  1555 146   -1889  1     -1889  1    1678  1  0.09 0.04 0.06 0.07 0.46  0.46   L45x5/S355 - 1xM12/8.8
 460 11 5   489   489  63     -21  1       -21  1      20  1  0.00 0.00 0.00 0.00 0.14  0.14   L45x5/S355 - 1xM12/8.8
Redundant block nr 9 
 464 10 1  1955  1955 125  -65320  1    -65320  1   65320  1  0.81 0.58 0.73 0.85 0.12  0.85   L80x8/S355 - 1xM20/8.8
 468 10 2  1955  1955 125  -65320  1    -65320  1   65320  1  0.81 0.58 0.73 0.85 0.12  0.85   L80x8/S355 - 1xM20/8.8
 472 10 3  2148  2148 138  -65320  1    -65320  1   65320  1  0.96 0.58 0.73 0.85 0.13  0.96   L80x8/S355 - 1xM20/8.8
 476 10 4  2148  2148 138  -65320  1    -65320  1   65320  1  0.96 0.58 0.73 0.85 0.13  0.96   L80x8/S355 - 1xM20/8.8
 480 10 5  2764  2764 177       0  0         0  0       0  0                      0.18  0.18   L80x8/S355 - 1xM12/8.8
Redundant block nr 10 
 484 10 1   977   977  72  -65320  1    -65320  1   65320  1  0.44 0.79 0.84 0.85 0.08  0.85   L70x7/S355 - 1xM20/8.8
 488 10 2   977   977  72  -65320  1    -65320  1   65320  1  0.44 0.79 0.84 0.85 0.08  0.85   L70x7/S355 - 1xM20/8.8
 492 10 3  1362  1362 100  -65320  1    -65320  1   65320  1  0.68 0.79 0.84 0.85       0.85   L70x7/S355 - 1xM20/8.8
 496 10 4  1362  1362 100  -65320  1    -65320  1   65320  1  0.68 0.79 0.84 0.85       0.85   L70x7/S355 - 1xM20/8.8
 500 10 5  1382  1382 159       0  0         0  0       0  0                      0.41  0.41   L45x5/S355 - 1xM12/8.8

Body panel nr 6 
 Mem Ty G  Leng  Lbuc Sle    Fbuc Lc N    Fmin Lc    Fmax Lc  Cbuc Cten Cbea Cbol Cben  Cmax   Profile/Material - Bolt
----------------------------------------------------------------------------------------------------------------------
 504  1    3009  1003  20-3219540  1  -3219540  1 3039440  1  0.91 0.82                 0.91   L250x24/S355
 508  3    4198 -4198 162  -28560  1 4  -56902  1   56890  1  0.56 0.25 0.44 0.75       0.75   L70x7/S355 - 3xM12/8.8
 512  4    4198 -4198 162  -28560  1 4    -218  1     206  1  0.56 0.00 0.00 0.00       0.56   L70x7/S355 - 3xM12/8.8
 520  6    1384 -2768 122  -39669  1    -39669  1   39402  1  0.83 0.64 0.74 0.80 0.40  0.83   L60x6/S355 - 1xM16/8.8
 528  7    1384 -2768 122   -3762  1     -3762  1    3495  1  0.08 0.06 0.07 0.08 0.40  0.40   L60x6/S355 - 1xM16/8.8
Plan frame
 536 11 1  1459  1459 137   -2480  1     -2480  1    2311  1  0.10 0.06 0.07 0.09 0.43  0.43   L45x5/S355 - 1xM12/8.8
 544 11 2  1824  1824 172   -2474  1     -2474  1    2303  1  0.16 0.06 0.07 0.09 0.54  0.54   L45x5/S355 - 1xM12/8.8
 552 11 3  1094  1094 109    -769  1      -769  1     825  1  0.02 0.02 0.02 0.03 0.32  0.32   L45x5/S355 - 1xM12/8.8
 556 11 4  1468  1468 138   -1921  1     -1921  1    1716  1  0.08 0.05 0.06 0.07 0.44  0.44   L45x5/S355 - 1xM12/8.8
 560 11 5   461   461  59     -24  1       -24  1      23  1  0.00 0.00 0.00 0.00 0.13  0.13   L45x5/S355 - 1xM12/8.8
Redundant block nr 11 
 564 10 1  1845  1845 118  -64391  1    -64391  1   64391  1  0.71 0.57 0.72 0.83 0.11  0.83   L80x8/S355 - 1xM20/8.8
 568 10 2  1845  1845 118  -64391  1    -64391  1   64391  1  0.71 0.57 0.72 0.83 0.11  0.83   L80x8/S355 - 1xM20/8.8
 572 10 3  2052  2052 131  -64391  1    -64391  1   64391  1  0.87 0.57 0.72 0.83 0.13  0.87   L80x8/S355 - 1xM20/8.8
 576 10 4  2052  2052 131  -64391  1    -64391  1   64391  1  0.87 0.57 0.72 0.83 0.13  0.87   L80x8/S355 - 1xM20/8.8
 580 10 5  2610  2610 191       0  0         0  0       0  0                      0.24  0.24   L70x7/S355 - 1xM12/8.8
Redundant block nr 12 
 584 10 1   923   923  68  -64391  1    -64391  1   64391  1  0.41 0.78 0.82 0.83 0.08  0.83   L70x7/S355 - 1xM20/8.8
 588 10 2   923   923  68  -64391  1    -64391  1   64391  1  0.41 0.78 0.82 0.83 0.08  0.83   L70x7/S355 - 1xM20/8.8
 592 10 3  1325  1325  97  -64391  1    -64391  1   64391  1  0.64 0.78 0.82 0.83       0.83   L70x7/S355 - 1xM20/8.8
 596 10 4  1325  1325  97  -64391  1    -64391  1   64391  1  0.64 0.78 0.82 0.83       0.83   L70x7/S355 - 1xM20/8.8
 600 10 5  1305  1305 150       0  0         0  0       0  0                      0.39  0.39   L45x5/S355 - 1xM12/8.8

Body panel nr 7 
 Mem Ty G  Leng  Lbuc Sle    Fbuc Lc N    Fmin Lc    Fmax Lc  Cbuc Cten Cbea Cbol Cben  Cmax   Profile/Material - Bolt
----------------------------------------------------------------------------------------------------------------------
 604  1    3009  1003  20-3168781  1  -3168781  1 2999733  1  0.90 0.81                 0.90   L250x24/S355
 608  3    4085 -4085 158  -30798  1 4  -61346  1   61332  1  0.57 0.26 0.48 0.81       0.81   L70x7/S355 - 3xM12/8.8
 612  4    4085 -4085 158  -30798  1 4    -249  1     236  1  0.57 0.00 0.00 0.00       0.57   L70x7/S355 - 3xM12/8.8
 620  6    1302 -2605 115  -41457  1    -41457  1   41203  1  0.77 0.67 0.77 0.84 0.37  0.84   L60x6/S355 - 1xM16/8.8
 628  7    1302 -2605 115   -3912  1     -3912  1    3658  1  0.07 0.06 0.07 0.08 0.37  0.37   L60x6/S355 - 1xM16/8.8
Plan frame
 636 11 1  1373  1373 130   -2593  1     -2593  1    2432  1  0.10 0.06 0.08 0.09 0.41  0.41   L45x5/S355 - 1xM12/8.8
 644 11 2  1716  1716 162   -2589  1     -2589  1    2425  1  0.15 0.06 0.08 0.09 0.51  0.51   L45x5/S355 - 1xM12/8.8
 652 11 3  1030  1030 104    -811  1      -811  1     864  1  0.02 0.02 0.03 0.03 0.30  0.30   L45x5/S355 - 1xM12/8.8
 656 11 4  1381  1381 130   -2009  1     -2009  1    1814  1  0.08 0.05 0.06 0.07 0.41  0.41   L45x5/S355 - 1xM12/8.8
 660 11 5   434   434  56     -27  1       -27  1      26  1  0.00 0.00 0.00 0.00 0.13  0.13   L45x5/S355 - 1xM12/8.8
Redundant block nr 13 
 664 10 1  1736  1736 111  -63376  1    -63376  1   63376  1  0.62 0.56 0.71 0.82 0.11  0.82   L80x8/S355 - 1xM20/8.8
 668 10 2  1736  1736 111  -63376  1    -63376  1   63376  1  0.62 0.56 0.71 0.82 0.11  0.82   L80x8/S355 - 1xM20/8.8
 672 10 3  1957  1957 125  -63376  1    -63376  1   63376  1  0.78 0.56 0.71 0.82       0.82   L80x8/S355 - 1xM20/8.8
 676 10 4  1957  1957 125  -63376  1    -63376  1   63376  1  0.78 0.56 0.71 0.82       0.82   L80x8/S355 - 1xM20/8.8
 680 10 5  2456  2456 180       0  0         0  0       0  0                      0.22  0.22   L70x7/S355 - 1xM12/8.8
Redundant block nr 14 
 684 10 1   868   868  64  -63376  1    -63376  1   63376  1  0.39 0.77 0.81 0.82 0.08  0.82   L70x7/S355 - 1xM20/8.8
 688 10 2   868   868  64  -63376  1    -63376  1   63376  1  0.39 0.77 0.81 0.82 0.08  0.82   L70x7/S355 - 1xM20/8.8
 692 10 3  1290  1290  95  -63376  1    -63376  1   63376  1  0.61 0.77 0.81 0.82       0.82   L70x7/S355 - 1xM20/8.8
 696 10 4  1290  1290  95  -63376  1    -63376  1   63376  1  0.61 0.77 0.81 0.82       0.82   L70x7/S355 - 1xM20/8.8
 700 10 5  1228  1228 141       0  0         0  0       0  0                      0.36  0.36   L45x5/S355 - 1xM12/8.8

Body panel nr 8 
 Mem Ty G  Leng  Lbuc Sle    Fbuc Lc N    Fmin Lc    Fmax Lc  Cbuc Cten Cbea Cbol Cben  Cmax   Profile/Material - Bolt
----------------------------------------------------------------------------------------------------------------------
 704  1    3009  1003  20-3116784  1  -3116784  1 2958246  1  0.89 0.80                 0.89   L250x24/S355
 708  3    3976 -3976 180  -31096  1 4  -61906  1   61892  1  1.00 0.37 0.56 0.81       1.00   L60x6/S355 - 3xM12/8.8
 712  4    3976 -3976 180  -31096  1 4    -286  1     271  1  1.00 0.00 0.00 0.00       1.00   L60x6/S355 - 3xM12/8.8
 720  6    1220 -2441 108  -40421  1    -40421  1   40177  1  0.66 0.65 0.75 0.81 0.35  0.81   L60x6/S355 - 1xM16/8.8
 728  7    1220 -2441 108   -3810  1     -3810  1    3566  1  0.06 0.06 0.07 0.08 0.35  0.35   L60x6/S355 - 1xM16/8.8
Plan frame
 736 11 1  1286  1286 123   -2528  1     -2528  1    2373  1  0.09 0.06 0.07 0.09 0.38  0.38   L45x5/S355 - 1xM12/8.8
 744 11 2  1608  1608 151   -2533  1     -2533  1    2375  1  0.13 0.06 0.07 0.09 0.48  0.48   L45x5/S355 - 1xM12/8.8
 752 11 3   965   965 100    -790  1      -790  1     841  1  0.02 0.02 0.02 0.03 0.28  0.28   L45x5/S355 - 1xM12/8.8
 756 11 4  1294  1294 124   -1964  1     -1964  1    1777  1  0.07 0.05 0.06 0.07 0.38  0.38   L45x5/S355 - 1xM12/8.8
 760 11 5   407   407  52     -24  1       -24  1      23  1  0.00 0.00 0.00 0.00 0.12  0.12   L45x5/S355 - 1xM12/8.8
Redundant block nr 15 
 764 10 1  1627  1627 119  -62336  1    -62336  1   62336  1  0.91 0.76 0.80 0.81 0.14  0.91   L70x7/S355 - 1xM20/8.8
 768 10 2  1627  1627 119  -62336  1    -62336  1   62336  1  0.91 0.76 0.80 0.81 0.14  0.91   L70x7/S355 - 1xM20/8.8
 772 10 3  1865  1865 119  -62336  1    -62336  1   62336  1  0.70 0.55 0.70 0.81       0.81   L80x8/S355 - 1xM20/8.8
 776 10 4  1865  1865 119  -62336  1    -62336  1   62336  1  0.70 0.55 0.70 0.81       0.81   L80x8/S355 - 1xM20/8.8
 780 10 5  2301  2301 197       0  0         0  0       0  0                      0.33  0.33   L60x6/S355 - 1xM12/8.8
Redundant block nr 16 
 784 10 1   814   814  60  -62336  1    -62336  1   62336  1  0.36 0.76 0.80 0.81 0.07  0.81   L70x7/S355 - 1xM20/8.8
 788 10 2   814   814  60  -62336  1    -62336  1   62336  1  0.36 0.76 0.80 0.81 0.07  0.81   L70x7/S355 - 1xM20/8.8
 792 10 3  1257  1257  92  -62336  1    -62336  1   62336  1  0.57 0.76 0.80 0.81       0.81   L70x7/S355 - 1xM20/8.8
 796 10 4  1257  1257  92  -62336  1    -62336  1   62336  1  0.57 0.76 0.80 0.81       0.81   L70x7/S355 - 1xM20/8.8
 800 10 5  1151  1151 132       0  0         0  0       0  0                      0.34  0.34   L45x5/S355 - 1xM12/8.8

Body panel nr 9 
 Mem Ty G  Leng  Lbuc Sle    Fbuc Lc N    Fmin Lc    Fmax Lc  Cbuc Cten Cbea Cbol Cben  Cmax   Profile/Material - Bolt
----------------------------------------------------------------------------------------------------------------------
 804  1    3009  1003  20-3056857  1  -3056857  1 2908459  1  0.87 0.79                 0.87   L250x24/S355
 808  3    3871 -3871 150  -35358  1 4  -70376  1   70359  1  0.60 0.30 0.55 0.93       0.93   L70x7/S355 - 3xM12/8.8
 812  4    3871 -3871 150  -35358  1 4    -340  1     323  1  0.60 0.00 0.00 0.00       0.60   L70x7/S355 - 3xM12/8.8
 820  6    1139 -2277 100  -44169  1    -44169  1   43930  1  0.53 0.25 0.60 0.87 0.22  0.87   L60x6/S355 - 2xM12/8.8
 828  7    1139 -2277 100   -4144  1     -4144  1    3905  1  0.05 0.02 0.06 0.08 0.22  0.22   L60x6/S355 - 2xM12/8.8
Plan frame
 836 11 1  1200  1200 117   -2765  1     -2765  1    2614  1  0.09 0.07 0.08 0.10 0.35  0.35   L45x5/S355 - 1xM12/8.8
 844 11 2  1500  1500 141   -2771  1     -2771  1    2617  1  0.12 0.07 0.08 0.10 0.44  0.44   L45x5/S355 - 1xM12/8.8
 852 11 3   900   900  95    -874  1      -874  1     924  1  0.02 0.02 0.03 0.03 0.26  0.26   L45x5/S355 - 1xM12/8.8
 856 11 4  1208  1208 118   -2155  1     -2155  1    1972  1  0.07 0.05 0.06 0.08 0.36  0.36   L45x5/S355 - 1xM12/8.8
 860 11 5   380   380  49     -31  1       -31  1      29  1  0.00 0.00 0.00 0.00 0.11  0.11   L45x5/S355 - 1xM12/8.8
Redundant block nr 17 
 864 10 1  1518  1518 111  -61137  1    -61137  1   61137  1  0.79 0.74 0.78 0.79 0.13  0.79   L70x7/S355 - 1xM20/8.8
 868 10 2  1518  1518 111  -61137  1    -61137  1   61137  1  0.79 0.74 0.78 0.79 0.13  0.79   L70x7/S355 - 1xM20/8.8
 872 10 3  1773  1773 114  -61137  1    -61137  1   61137  1  0.63 0.54 0.68 0.79       0.79   L80x8/S355 - 1xM20/8.8
 876 10 4  1773  1773 114  -61137  1    -61137  1   61137  1  0.63 0.54 0.68 0.79       0.79   L80x8/S355 - 1xM20/8.8
 880 10 5  2147  2147 184       0  0         0  0       0  0                      0.30  0.30   L60x6/S355 - 1xM12/8.8
Redundant block nr 18 
 884 10 1   759   759  56  -61137  1    -61137  1   61137  1  0.34 0.74 0.78 0.79 0.07  0.79   L70x7/S355 - 1xM20/8.8
 888 10 2   759   759  56  -61137  1    -61137  1   61137  1  0.34 0.74 0.78 0.79 0.07  0.79   L70x7/S355 - 1xM20/8.8
 892 10 3  1224  1224  90  -61137  1    -61137  1   61137  1  0.54 0.74 0.78 0.79       0.79   L70x7/S355 - 1xM20/8.8
 896 10 4  1224  1224  90  -61137  1    -61137  1   61137  1  0.54 0.74 0.78 0.79       0.79   L70x7/S355 - 1xM20/8.8
 900 10 5  1074  1074 123       0  0         0  0       0  0                      0.32  0.32   L45x5/S355 - 1xM12/8.8

Body panel nr 10 
 Mem Ty G  Leng  Lbuc Sle    Fbuc Lc N    Fmin Lc    Fmax Lc  Cbuc Cten Cbea Cbol Cben  Cmax   Profile/Material - Bolt
----------------------------------------------------------------------------------------------------------------------
 904  1    3009  1003  20-2993107  1  -2993107  1 2854613  1  0.85 0.77                 0.85   L250x24/S355
 908  3    3770 -3770 146  -37078  1 4  -73904  1   73892  1  0.59 0.32 0.58 0.97       0.97   L70x7/S355 - 3xM12/8.8
 912  4    3770 -3770 146  -37078  1 4    -253  1     241  1  0.59 0.00 0.00 0.00       0.59   L70x7/S355 - 3xM12/8.8
 920  6    1057 -2114 112  -44273  1    -44273  1   44090  1  0.94 0.37 0.72 0.87 0.35  0.94   L50x5/S355 - 2xM12/8.8
 928  7    1057 -2114 112   -5637  1     -5637  1    5453  1  0.12 0.05 0.09 0.11 0.35  0.35   L50x5/S355 - 2xM12/8.8
Plan frame
 936 11 1  1114  1114 111   -3210  1     -3210  1    3027  1  0.09 0.08 0.09 0.11 0.33  0.33   L45x5/S355 - 1xM12/8.8
 944 11 2  1392  1392 131   -3252  1     -3252  1    3065  1  0.12 0.08 0.10 0.12 0.41  0.41   L45x5/S355 - 1xM12/8.8
 952 11 3   835   835  90   -1018  1     -1018  1    1078  1  0.02 0.03 0.03 0.04 0.25  0.25   L45x5/S355 - 1xM12/8.8
 956 11 4  1121  1121 111   -2552  1     -2552  1    2330  1  0.07 0.06 0.08 0.09 0.33  0.33   L45x5/S355 - 1xM12/8.8
 960 11 5   352   352  45     -35  1       -35  1      34  1  0.00 0.00 0.00 0.00 0.10  0.10   L45x5/S355 - 1xM12/8.8
Redundant block nr 19 
 964 10 1  1409  1409 103  -59862  1    -59862  1   59862  1  0.66 0.73 0.77 0.78 0.12  0.78   L70x7/S355 - 1xM20/8.8
 968 10 2  1409  1409 103  -59862  1    -59862  1   59862  1  0.66 0.73 0.77 0.78 0.12  0.78   L70x7/S355 - 1xM20/8.8
 972 10 3  1685  1685 123  -59862  1    -59862  1   59862  1  0.94 0.73 0.77 0.78       0.94   L70x7/S355 - 1xM20/8.8
 976 10 4  1685  1685 123  -59862  1    -59862  1   59862  1  0.94 0.73 0.77 0.78       0.94   L70x7/S355 - 1xM20/8.8
 980 10 5  1993  1993 170       0  0         0  0       0  0                      0.28  0.28   L60x6/S355 - 1xM12/8.8
Redundant block nr 20 
 984 10 1   705   705  52  -59862  1    -59862  1   59862  1  0.33 0.73 0.77 0.78 0.06  0.78   L70x7/S355 - 1xM20/8.8
 988 10 2   705   705  52  -59862  1    -59862  1   59862  1  0.33 0.73 0.77 0.78 0.06  0.78   L70x7/S355 - 1xM20/8.8
 992 10 3  1194  1194  87  -59862  1    -59862  1   59862  1  0.51 0.73 0.77 0.78       0.78   L70x7/S355 - 1xM20/8.8
 996 10 4  1194  1194  87  -59862  1    -59862  1   59862  1  0.51 0.73 0.77 0.78       0.78   L70x7/S355 - 1xM20/8.8
1000 10 5   996   996 114       0  0         0  0       0  0                      0.29  0.29   L45x5/S355 - 1xM12/8.8

Body panel nr 11 
 Mem Ty G  Leng  Lbuc Sle    Fbuc Lc N    Fmin Lc    Fmax Lc  Cbuc Cten Cbea Cbol Cben  Cmax   Profile/Material - Bolt
----------------------------------------------------------------------------------------------------------------------
1004  1    3009  1003  20-2920569  1  -2920569  1 2791585  1  0.83 0.75                 0.83   L250x24/S355
1008  3    3673 -3673 142  -41477  1 4  -82659  1   82646  1  0.63 0.36 0.48 0.82       0.82   L70x7/S355 - 4xM12/8.8
1012  4    3673 -3673 142  -41477  1 4    -296  1     283  1  0.63 0.00 0.00 0.00       0.63   L70x7/S355 - 4xM12/8.8
1020  6     975 -1950 103  -47052  1    -47052  1   46916  1  0.85 0.39 0.77 0.93 0.32  0.93   L50x5/S355 - 2xM12/8.8
1028  7     975 -1950 103   -3948  1     -3948  1    3813  1  0.07 0.03 0.06 0.08 0.32  0.32   L50x5/S355 - 2xM12/8.8
Plan frame
1036 11 1  1028  1028 104   -4517  1     -4517  1    4383  1  0.11 0.11 0.13 0.16 0.30  0.30   L45x5/S355 - 1xM12/8.8
1044 11 2  1285  1285 123   -4562  1     -4562  1    4424  1  0.16 0.12 0.13 0.16 0.38  0.38   L45x5/S355 - 1xM12/8.8
1052 11 3   771   771  85   -1460  1     -1460  1    1504  1  0.03 0.04 0.04 0.05 0.23  0.23   L45x5/S355 - 1xM12/8.8
1056 11 4  1034  1034 105   -3537  1     -3537  1    3373  1  0.09 0.09 0.10 0.13 0.30  0.30   L45x5/S355 - 1xM12/8.8
1060 11 5   325   325  42     -43  1       -43  1      41  1  0.00 0.00 0.00 0.00 0.09  0.09   L45x5/S355 - 1xM12/8.8
Redundant block nr 21 
1064 10 1  1300  1300  95  -58411  1    -58411  1   58411  1  0.57 0.71 0.75 0.76 0.11  0.76   L70x7/S355 - 1xM20/8.8
1068 10 2  1300  1300  95  -58411  1    -58411  1   58411  1  0.57 0.71 0.75 0.76 0.11  0.76   L70x7/S355 - 1xM20/8.8
1072 10 3  1598  1598 117  -58411  1    -58411  1   58411  1  0.83 0.71 0.75 0.76       0.83   L70x7/S355 - 1xM20/8.8
1076 10 4  1598  1598 117  -58411  1    -58411  1   58411  1  0.83 0.71 0.75 0.76       0.83   L70x7/S355 - 1xM20/8.8
1080 10 5  1838  1838 189       0  0         0  0       0  0                      0.44  0.44   L50x5/S355 - 1xM12/8.8
Redundant block nr 22 
1084 10 1   650   650  48  -58411  1    -58411  1   58411  1  0.31 0.71 0.75 0.76 0.06  0.76   L70x7/S355 - 1xM20/8.8
1088 10 2   650   650  48  -58411  1    -58411  1   58411  1  0.31 0.71 0.75 0.76 0.06  0.76   L70x7/S355 - 1xM20/8.8
1092 10 3  1165  1165  85  -58411  1    -58411  1   58411  1  0.48 0.71 0.75 0.76       0.76   L70x7/S355 - 1xM20/8.8
1096 10 4  1165  1165  85  -58411  1    -58411  1   58411  1  0.48 0.71 0.75 0.76       0.76   L70x7/S355 - 1xM20/8.8
1100 10 5   919   919 106       0  0         0  0       0  0                      0.27  0.27   L45x5/S355 - 1xM12/8.8

Body panel nr 12 
 Mem Ty G  Leng  Lbuc Sle    Fbuc Lc N    Fmin Lc    Fmax Lc  Cbuc Cten Cbea Cbol Cben  Cmax   Profile/Material - Bolt
----------------------------------------------------------------------------------------------------------------------
1104  1    3009  1003  20-2840979  1  -2840979  1 2721249  1  0.81 0.74                 0.81   L250x24/S355
1108  3    3582 -3582 138  -44930  1 4  -89476  1   89461  1  0.66 0.39 0.52 0.88       0.88   L70x7/S355 - 4xM12/8.8
1112  4    3582 -3582 138  -44930  1 4    -383  1     367  1  0.66 0.00 0.00 0.00       0.66   L70x7/S355 - 4xM12/8.8
1120  6     893 -1786  95  -47830  1    -47830  1   48076  1  0.75 0.40 0.79 0.95 0.30  0.95   L50x5/S355 - 2xM12/8.8
1128  7     893 -1786  95  -20831  1    -20831  1   21343  1  0.33 0.18 0.35 0.42 0.30  0.42   L50x5/S355 - 2xM12/8.8
Plan frame
1136 11 1   941   941  98  -11605  1    -11605  1   11857  1  0.26 0.31 0.35 0.42 0.28  0.42   L45x5/S355 - 1xM12/8.8
1144 11 2  1177  1177 115  -11555  1    -11555  1   11804  1  0.35 0.31 0.35 0.42 0.35  0.42   L45x5/S355 - 1xM12/8.8
1152 11 3   706   706  81   -3902  1     -3902  1    3819  1  0.07 0.10 0.11 0.14 0.21  0.21   L45x5/S355 - 1xM12/8.8
1156 11 4   947   947  98   -8661  1     -8661  1    8959  1  0.19 0.24 0.26 0.32 0.28  0.32   L45x5/S355 - 1xM12/8.8
1160 11 5   298   298  38     -88  1       -88  1      86  1  0.00 0.00 0.00 0.00 0.09  0.09   L45x5/S355 - 1xM12/8.8
Redundant block nr 23 
1164 10 1  1191  1191  87  -56820  1    -56820  1   56820  1  0.48 0.69 0.73 0.74 0.10  0.74   L70x7/S355 - 1xM20/8.8
1168 10 2  1191  1191  87  -56820  1    -56820  1   56820  1  0.48 0.69 0.73 0.74 0.10  0.74   L70x7/S355 - 1xM20/8.8
1172 10 3  1515  1515 111  -56820  1    -56820  1   56820  1  0.73 0.69 0.73 0.74       0.74   L70x7/S355 - 1xM20/8.8
1176 10 4  1515  1515 111  -56820  1    -56820  1   56820  1  0.73 0.69 0.73 0.74       0.74   L70x7/S355 - 1xM20/8.8
1180 10 5  1684  1684 193       0  0         0  0       0  0                      0.50  0.50   L45x5/S355 - 1xM12/8.8
Redundant block nr 24 
1184 10 1   595   595  44  -56820  1    -56820  1   56820  1  0.29 0.69 0.73 0.74 0.05  0.74   L70x7/S355 - 1xM20/8.8
1188 10 2   595   595  44  -56820  1    -56820  1   56820  1  0.29 0.69 0.73 0.74 0.05  0.74   L70x7/S355 - 1xM20/8.8
1192 10 3  1138  1138  83  -56820  1    -56820  1   56820  1  0.46 0.69 0.73 0.74       0.74   L70x7/S355 - 1xM20/8.8
1196 10 4  1138  1138  83  -56820  1    -56820  1   56820  1  0.46 0.69 0.73 0.74       0.74   L70x7/S355 - 1xM20/8.8
1200 10 5   842   842  97       0  0         0  0       0  0                      0.25  0.25   L45x5/S355 - 1xM12/8.8

Body panel nr 13 
 Mem Ty G  Leng  Lbuc Sle    Fbuc Lc N    Fmin Lc    Fmax Lc  Cbuc Cten Cbea Cbol Cben  Cmax   Profile/Material - Bolt
----------------------------------------------------------------------------------------------------------------------
1208  1    2136  1068  22-2709978  1  -2713322  1 2608141  1  0.77 0.70                 0.77   L250x24/S355
1212  3    2782 -2782 113  -81413  1 4  -93290  1   90371  1  0.81 0.37 0.55 0.92       0.92   L70x7/S355 - 4xM12/8.8
1216  4    2782 -2782 113  -81413  1 4  -69536  1   66615  1  0.81 0.27 0.41 0.69       0.81   L70x7/S355 - 4xM12/8.8
1220  3    2443  1221  86  -58098  1    -58098  1   55189  1  0.40 0.22 0.34 0.57       0.57   L70x7/S355 - 4xM12/8.8
1224  4    2443  1221  86  -69274  1    -69274  1   66363  1  0.48 0.27 0.41 0.68       0.68   L70x7/S355 - 4xM12/8.8
1232  8    1670  1670  98  -54266  1    -54266  1   54266  1  0.55 0.66 0.69 0.70 0.15  0.70   L70x7/S355 - 1xM20/8.8
Redundant block nr 25 
1236 10 1   835   835  61  -54266  1    -54266  1   54266  1  0.32 0.66 0.69 0.70 0.07  0.70   L70x7/S355 - 1xM20/8.8
1240 10 2   835   835  61  -54266  1    -54266  1   54266  1  0.32 0.66 0.69 0.70 0.07  0.70   L70x7/S355 - 1xM20/8.8
1244 10 3  1320  1320  97  -54266  1    -54266  1   54266  1  0.54 0.66 0.69 0.70       0.70   L70x7/S355 - 1xM20/8.8
1248 10 4  1320  1320  97  -54266  1    -54266  1   54266  1  0.54 0.66 0.69 0.70       0.70   L70x7/S355 - 1xM20/8.8
1252 10 5  1181  1181 136       0  0         0  0       0  0                      0.35  0.35   L45x5/S355 - 1xM12/8.8
Redundant block nr 26 
1256 10 1   835   835  61  -54266  1    -54266  1   54266  1  0.32 0.66 0.69 0.70 0.07  0.70   L70x7/S355 - 1xM20/8.8
1260 10 2   835   835  61  -54266  1    -54266  1   54266  1  0.32 0.66 0.69 0.70 0.07  0.70   L70x7/S355 - 1xM20/8.8
1264 10 3  1289  1289  94  -54266  1    -54266  1   54266  1  0.52 0.66 0.69 0.70       0.70   L70x7/S355 - 1xM20/8.8
1268 10 4  1289  1289  94  -54266  1    -54266  1   54266  1  0.52 0.66 0.69 0.70       0.70   L70x7/S355 - 1xM20/8.8
1272 10 5  1181  1181 136       0  0         0  0       0  0                      0.35  0.35   L45x5/S355 - 1xM12/8.8

Body panel nr 14 
 Mem Ty G  Leng  Lbuc Sle    Fbuc Lc N    Fmin Lc    Fmax Lc  Cbuc Cten Cbea Cbol Cben  Cmax   Profile/Material - Bolt
----------------------------------------------------------------------------------------------------------------------
1280  1    1587  1587  32-2608509  1  -2614957  1 2516967  1  0.93 0.89 0.49 0.95       0.95   L250x20/S355 - 0xM30/8.8
1284  3    2230  2230 110 -110102  1 1 -110102  1  108461  1  0.70 0.27 0.61 0.79       0.79   L90x9/S355 - 2xM20/8.8
1288  4    2230 -4227 128  -36773  1 3  -36777  1   35141  1  0.28 0.09 0.20 0.26       0.28   L90x9/S355 - 2xM20/8.8
1292  3    1997  1997 102  -54236  1    -54236  1   52590  1  0.29 0.13 0.30 0.39       0.39   L90x9/S355 - 2xM20/8.8
1296  4    1997  1997 102  -36904  1    -36904  1   35263  1  0.20 0.09 0.20 0.27       0.27   L90x9/S355 - 2xM20/8.8
1304  8    1482  1482  87  -77671  1    -77671  1   80568  1  0.55 0.35 0.57 0.58 0.09  0.58   L70x7/S355 - 2xM20/8.8

Body panel nr 15 
 Mem Ty G  Leng  Lbuc Sle    Fbuc Lc N    Fmin Lc    Fmax Lc  Cbuc Cten Cbea Cbol Cben  Cmax   Profile/Material - Bolt
----------------------------------------------------------------------------------------------------------------------
1312  1    1598  1598  32-2446602  1  -2452722  1 2364009  1  0.87 0.76                 0.87   L250x20/S355
1316  3    2125  2125 106 -122880  1 1 -122880  1  120028  1  0.73 0.30 0.68 0.88       0.88   L90x9/S355 - 2xM20/8.8
1320  4    2125 -4003 123  -73623  1 3  -73626  1   70762  1  0.52 0.18 0.41 0.53       0.53   L90x9/S355 - 2xM20/8.8
1324  3    1878  1878  97  -65659  1    -65659  1   62827  1  0.33 0.16 0.36 0.47       0.47   L90x9/S355 - 2xM20/8.8
1328  4    1878  1878  97  -73074  1    -73074  1   70229  1  0.37 0.18 0.40 0.53       0.53   L90x9/S355 - 2xM20/8.8
1336  8    1318  1318  77  -73617  1    -73617  1   76277  1  0.54 0.93 0.98 0.99 0.12  0.99   L70x7/S355 - 1xM20/8.8

Body panel nr 16 
 Mem Ty G  Leng  Lbuc Sle    Fbuc Lc N    Fmin Lc    Fmax Lc  Cbuc Cten Cbea Cbol Cben  Cmax   Profile/Material - Bolt
----------------------------------------------------------------------------------------------------------------------
1344  1    1611  1611  33-2285371  1  -2292047  1 2210067  1  0.82 0.71                 0.82   L250x20/S355
1348  3    2031  2031 103 -146348  1 1 -146348  1  143908  1  0.81 0.36 0.54 0.70       0.81   L90x9/S355 - 3xM20/8.8
1352  4    2031 -3795 118  -61777  1 3  -61779  1   59366  1  0.40 0.15 0.23 0.30       0.40   L90x9/S355 - 3xM20/8.8
1356  3    1763  1763  93  -79810  1    -79810  1   77382  1  0.38 0.20 0.29 0.38       0.38   L90x9/S355 - 3xM20/8.8
1360  4    1763  1763  93  -61415  1    -61415  1   59016  1  0.29 0.15 0.23 0.29       0.29   L90x9/S355 - 3xM20/8.8
1368  8    1153  1153  68  -82736  1    -82736  1   85699  1  0.44 0.36 0.76 0.96 0.07  0.96   L70x7/S355 - 2xM16/8.8

Body panel nr 17 
 Mem Ty G  Leng  Lbuc Sle    Fbuc Lc N    Fmin Lc    Fmax Lc  Cbuc Cten Cbea Cbol Cben  Cmax   Profile/Material - Bolt
----------------------------------------------------------------------------------------------------------------------
1376  1    1338  1338  34-2089894  1  -2095656  1 2020444  1  0.95 0.92 0.51 0.98       0.98   L200x20/S355 - 0xM30/8.8
1380  3    1717  1717  91 -154227  1 1 -154227  1  151382  1  0.71 0.38 0.43 0.56       0.71   L90x9/S355 - 4xM20/8.8
1384  4    1717 -3216 104  -75875  1 3  -75875  1   72975  1  0.39 0.18 0.21 0.27       0.39   L90x9/S355 - 4xM20/8.8
1388  3    1499  1499  83 -100451  1   -100451  1   97618  1  0.41 0.25 0.28 0.36       0.41   L90x9/S355 - 4xM20/8.8
1392  4    1499  1499  83  -75696  1    -75696  1   72803  1  0.31 0.18 0.21 0.27       0.31   L90x9/S355 - 4xM20/8.8
1400  8    1004  1004  69  -73057  1    -73057  1   75706  1  0.54 0.44 0.78 0.85 0.10  0.85   L60x6/S355 - 2xM16/8.8

Body panel nr 18 
 Mem Ty G  Leng  Lbuc Sle    Fbuc Lc N    Fmin Lc    Fmax Lc  Cbuc Cten Cbea Cbol Cben  Cmax   Profile/Material - Bolt
----------------------------------------------------------------------------------------------------------------------
1408  1    1065  1065  27-1917880  1  -1923548  1 1851010  1  0.84 0.75                 0.84   L200x20/S355
1412  3    1420  1420  87 -158712  1 1 -158712  1  156832  1  0.86 0.50 0.61 0.89       0.89   L80x8/S355 - 4xM16/8.8
1416  4    1420 -2675  99  -45175  1 3  -45181  1   43407  1  0.27 0.14 0.17 0.25       0.27   L80x8/S355 - 4xM16/8.8
1420  3    1255  1255  80 -108800  1   -108800  1  106920  1  0.53 0.34 0.42 0.61       0.61   L80x8/S355 - 4xM16/8.8
1424  4    1255  1255  80  -45113  1    -45113  1   43348  1  0.22 0.14 0.17 0.25       0.25   L80x8/S355 - 4xM16/8.8
1432  8     883   883  60  -75638  1    -75638  1   78616  1  0.50 0.46 0.81 0.88 0.08  0.88   L60x6/S355 - 2xM16/8.8

Body panel nr 19 
 Mem Ty G  Leng  Lbuc Sle    Fbuc Lc N    Fmin Lc    Fmax Lc  Cbuc Cten Cbea Cbol Cben  Cmax   Profile/Material - Bolt
----------------------------------------------------------------------------------------------------------------------
1440  1     791   791  20-1713431  1  -1716183  1 1647883  1  0.73 0.67                 0.73   L200x20/S355
1444  3    1147  1147  76 -161071  1 1 -161071  1  158914  1  0.74 0.50 0.62 0.90       0.90   L80x8/S355 - 4xM16/8.8
1448  4    1147 -2181  86  -64686  1 3  -64697  1   61837  1  0.31 0.20 0.25 0.36       0.36   L80x8/S355 - 4xM16/8.8
1452  3    1034  1034  71 -135049  1   -135049  1  132895  1  0.58 0.42 0.52 0.76       0.76   L80x8/S355 - 4xM16/8.8
1456  4    1034  1034  71  -65962  1    -65962  1   63035  1  0.28 0.20 0.26 0.37       0.37   L80x8/S355 - 4xM16/8.8
1464  8     789   789  54  -39451  1    -39451  1   40501  1  0.30 0.66 0.75 0.82 0.11  0.82   L60x6/S355 - 1xM16/8.8

Body panel nr 20 
 Mem Ty G  Leng  Lbuc Sle    Fbuc Lc N    Fmin Lc    Fmax Lc  Cbuc Cten Cbea Cbol Cben  Cmax   Profile/Material - Bolt
----------------------------------------------------------------------------------------------------------------------
1468  1    1000  1000  26-1512918  1  -1512918  1 1448978  1  0.66 0.59                 0.66   L200x20/S355
1472  3     901   901  65 -220453  1 1 -220453  1  211685  1  0.87 0.69 0.69 0.79       0.87   L80x8/S355 - 4xM20/8.8
1476  4     901 -1803  76  -49062  1 3  -49151  1   48879  1  0.20 0.16 0.15 0.18       0.20   L80x8/S355 - 4xM20/8.8
1480  3     901   901  65 -219715  1   -219715  1  210598  1  0.87 0.69 0.68 0.79       0.87   L80x8/S355 - 4xM20/8.8
1484  4     901   901  65  -48264  1    -48264  1   48144  1  0.19 0.16 0.15 0.17       0.19   L80x8/S355 - 4xM20/8.8
1486  6    1500  1500  77  -10927  1    -10927  1     110  0  0.05 0.00 0.03 0.04 0.05  0.05   L80x8/S355 - 4xM20/8.8
1488  7    1500  1500  77  -57958  1    -57958  1   67522  1  0.27 0.22 0.21 0.24 0.05  0.27   L80x8/S355 - 4xM20/8.8
Plan frame
1489 11 1  2121  2121 200      22  0        22  0     409  1       0.01 0.01 0.01 0.64  0.64   L45x5/S355 - 1xM12/8.8

Body panel nr 21 
 Mem Ty G  Leng  Lbuc Sle    Fbuc Lc N    Fmin Lc    Fmax Lc  Cbuc Cten Cbea Cbol Cben  Cmax   Profile/Material - Bolt
----------------------------------------------------------------------------------------------------------------------
1493  1    1000  1000  32-1288862  1  -1288862  1 1225740  1  0.96 0.96 0.42 0.60       0.96   L160x15/S355 - 14xM30/8.8
1497  3     901   901  65 -175027  1 1 -175027  1  172070  1  0.69 0.56 0.54 0.63       0.69   L80x8/S355 - 4xM20/8.8
1501  4     901 -1803  76  -59787  1 3  -60734  1   56973  1  0.25 0.19 0.19 0.22       0.25   L80x8/S355 - 4xM20/8.8
1505  3     901   901  65 -173180  1   -173180  1  171106  1  0.68 0.56 0.54 0.62       0.68   L80x8/S355 - 4xM20/8.8
1509  4     901   901  65  -61233  1    -61233  1   57222  1  0.24 0.19 0.19 0.22       0.24   L80x8/S355 - 4xM20/8.8
1511  6    1500  1500  77     593  0       593  0   14900  1       0.05 0.06 0.07 0.05  0.07   L80x8/S355 - 3xM20/8.8
1513  7    1500  1500  77  -67489  1    -67489  1   64063  1  0.31 0.21 0.28 0.32 0.05  0.32   L80x8/S355 - 3xM20/8.8

Body panel nr 22 
 Mem Ty G  Leng  Lbuc Sle    Fbuc Lc N    Fmin Lc    Fmax Lc  Cbuc Cten Cbea Cbol Cben  Cmax   Profile/Material - Bolt
----------------------------------------------------------------------------------------------------------------------
1517  1    1000  1000  32-1119700  1  -1119700  1 1069801  1  0.83 0.72                 0.83   L160x15/S355
1521  3     901   901  71 -162288  1 1 -162288  1  166907  1  0.91 0.70 0.74 0.93       0.93   L70x7/S355 - 4xM16/8.8
1525  4     901 -1803  83  -15623  1 3  -15872  1   13704  1  0.09 0.06 0.07 0.09       0.09   L70x7/S355 - 4xM16/8.8
1529  3     901   901  71 -161939  1   -161939  1  166249  1  0.91 0.70 0.74 0.93       0.93   L70x7/S355 - 4xM16/8.8
1533  4     901   901  71  -15219  1    -15219  1   13172  1  0.09 0.06 0.07 0.09       0.09   L70x7/S355 - 4xM16/8.8

Body panel nr 23 
 Mem Ty G  Leng  Lbuc Sle    Fbuc Lc N    Fmin Lc    Fmax Lc  Cbuc Cten Cbea Cbol Cben  Cmax   Profile/Material - Bolt
----------------------------------------------------------------------------------------------------------------------
1537  1    1000  1000  32 -946330  1   -946330  1  898296  1  0.70 0.60                 0.70   L160x15/S355
1541  3     901   901  71 -168054  1 1 -168054  1  168861  1  0.94 0.71 0.75 0.95       0.95   L70x7/S355 - 4xM16/8.8
1545  4     901 -1803  83   -8544  1 3   -8768  1    8971  1  0.05 0.04 0.04 0.05       0.05   L70x7/S355 - 4xM16/8.8
1549  3     901   901  71 -167381  1   -167381  1  168373  1  0.94 0.71 0.74 0.94       0.94   L70x7/S355 - 4xM16/8.8
1553  4     901   901  71   -8596  1     -8596  1    8740  1  0.05 0.04 0.04 0.05       0.05   L70x7/S355 - 4xM16/8.8

Body panel nr 24 
 Mem Ty G  Leng  Lbuc Sle    Fbuc Lc N    Fmin Lc    Fmax Lc  Cbuc Cten Cbea Cbol Cben  Cmax   Profile/Material - Bolt
----------------------------------------------------------------------------------------------------------------------
1557  1    1000  1000  32 -747448  1   -747448  1  705326  1  0.56 0.47                 0.56   L160x15/S355
1561  3     901   901  71 -169615  1 1 -169615  1  162697  1  0.95 0.69 0.75 0.95       0.95   L70x7/S355 - 4xM16/8.8
1565  4     901 -1803  83  -10736  1 3  -11049  1   12259  1  0.06 0.05 0.05 0.07       0.07   L70x7/S355 - 4xM16/8.8
1569  3     901   901  71 -169375  1   -169375  1  162012  1  0.95 0.68 0.75 0.95       0.95   L70x7/S355 - 4xM16/8.8
1573  4     901   901  71  -11688  1    -11688  1   12973  1  0.07 0.05 0.06 0.07       0.07   L70x7/S355 - 4xM16/8.8
1575  6    1500  1500  88  -13152  1    -13152  1    -138  0  0.09      0.09 0.09 0.09  0.09   L70x7/S355 - 2xM20/8.8
1577  7    1500  1500  88   -8598  1     -8598  1   16701  1  0.06 0.07 0.12 0.12 0.09  0.12   L70x7/S355 - 2xM20/8.8
Plan frame
1578 11 1  2121  2121 200      -6  0        -6  0     524  1  0.00 0.01 0.02 0.02 0.64  0.64   L45x5/S355 - 1xM12/8.8

Body panel nr 25 
 Mem Ty G  Leng  Lbuc Sle    Fbuc Lc N    Fmin Lc    Fmax Lc  Cbuc Cten Cbea Cbol Cben  Cmax   Profile/Material - Bolt
----------------------------------------------------------------------------------------------------------------------
1582  1    1000  1000  32 -595627  1   -595627  1  551356  1  0.44 0.37                 0.44   L160x15/S355
1586  3     901   901  78 -104948  1 1 -104948  1  104644  1  0.88 0.61 0.72 0.78       0.88   L60x6/S355 - 3xM16/8.8
1590  4     901 -1803  92  -17693  1 3  -18965  1   16196  1  0.17 0.10 0.13 0.14       0.17   L60x6/S355 - 3xM16/8.8
1594  3     901   901  78 -104511  1   -104511  1  104546  1  0.88 0.61 0.72 0.78       0.88   L60x6/S355 - 3xM16/8.8
1598  4     901   901  78  -18930  1    -18930  1   16077  1  0.16 0.09 0.13 0.14       0.16   L60x6/S355 - 3xM16/8.8
1600  6    1500  1500  88     453  0       453  0   16902  1       0.07 0.12 0.12 0.09  0.12   L70x7/S355 - 2xM20/8.8
1602  7    1500  1500  88  -27928  1    -27928  1   21552  1  0.20 0.09 0.20 0.20 0.09  0.20   L70x7/S355 - 2xM20/8.8

Body panel nr 26 
 Mem Ty G  Leng  Lbuc Sle    Fbuc Lc N    Fmin Lc    Fmax Lc  Cbuc Cten Cbea Cbol Cben  Cmax   Profile/Material - Bolt
----------------------------------------------------------------------------------------------------------------------
1606  1    1000  1000  51 -472417  1   -472417  1  445364  1  0.95 0.85 0.34 0.49       0.95   L100x10/S355 - 14xM20/8.8
1610  3     901   901  78 -105136  1 1 -105136  1  106381  1  0.89 0.63 0.73 0.79       0.89   L60x6/S355 - 3xM16/8.8
1614  4     901 -1803  92  -13399  1 3  -13886  1   12783  1  0.13 0.08 0.10 0.10       0.13   L60x6/S355 - 3xM16/8.8
1618  3     901   901  78 -105023  1   -105023  1  105873  1  0.88 0.62 0.73 0.79       0.88   L60x6/S355 - 3xM16/8.8
1622  4     901   901  78  -13166  1    -13166  1   12249  1  0.11 0.07 0.09 0.10       0.11   L60x6/S355 - 3xM16/8.8

Body panel nr 27 
 Mem Ty G  Leng  Lbuc Sle    Fbuc Lc N    Fmin Lc    Fmax Lc  Cbuc Cten Cbea Cbol Cben  Cmax   Profile/Material - Bolt
----------------------------------------------------------------------------------------------------------------------
1626  1    1000  1000  51 -368464  1   -368464  1  341256  1  0.74 0.55                 0.74   L100x10/S355
1630  3     901   901  78 -105209  1 1 -105209  1  106832  1  0.89 0.63 0.73 0.80       0.89   L60x6/S355 - 3xM16/8.8
1634  4     901 -1803  92   -9361  1 3   -9844  1    9665  1  0.09 0.06 0.07 0.07       0.09   L60x6/S355 - 3xM16/8.8
1638  3     901   901  78 -104744  1   -104744  1  106752  1  0.88 0.63 0.73 0.80       0.88   L60x6/S355 - 3xM16/8.8
1642  4     901   901  78   -9534  1     -9534  1    9198  1  0.08 0.05 0.07 0.07       0.08   L60x6/S355 - 3xM16/8.8

Body panel nr 28 
 Mem Ty G  Leng  Lbuc Sle    Fbuc Lc N    Fmin Lc    Fmax Lc  Cbuc Cten Cbea Cbol Cben  Cmax   Profile/Material - Bolt
----------------------------------------------------------------------------------------------------------------------
1646  1    1000  1000  51 -240894  1   -240894  1  218277  1  0.48 0.35                 0.48   L100x10/S355
1650  3     901   901  78 -107406  1 1 -107406  1  102612  1  0.90 0.60 0.74 0.80       0.90   L60x6/S355 - 3xM16/8.8
1654  4     901 -1803  92   -8116  1 3   -8594  1    9859  1  0.08 0.06 0.07 0.07       0.08   L60x6/S355 - 3xM16/8.8
1658  3     901   901  78 -107445  1   -107445  1  102098  1  0.91 0.60 0.74 0.80       0.91   L60x6/S355 - 3xM16/8.8
1662  4     901   901  78   -8793  1     -8793  1   10239  1  0.07 0.06 0.07 0.08       0.08   L60x6/S355 - 3xM16/8.8
1664  6    1500  1500 138  -11914  1    -11914  1    -194  0  0.42      0.20 0.24 0.31  0.42   L45x5/S355 - 2xM12/8.8
1666  7    1500  1500 138     170  0       170  0    4491  1       0.04 0.07 0.09 0.31  0.31   L45x5/S355 - 2xM12/8.8
Plan frame
1667 11 1  2121  2121 200   -2568  1     -2568  1     -41  0  0.21      0.08 0.09 0.64  0.64   L45x5/S355 - 1xM12/8.8

Body panel nr 29 
 Mem Ty G  Leng  Lbuc Sle    Fbuc Lc N    Fmin Lc    Fmax Lc  Cbuc Cten Cbea Cbol Cben  Cmax   Profile/Material - Bolt
----------------------------------------------------------------------------------------------------------------------
1671  1    1000  1000  51 -161228  1   -161228  1  136969  1  0.32 0.22                 0.32   L100x10/S355
1675  3     901   901  95  -42539  1 1  -42539  1   41489  1  0.75 0.39 0.70 0.84       0.84   L45x5/S355 - 2xM12/8.8
1679  4     901 -1803 114   -8256  1 3   -8326  1    8913  1  0.18 0.08 0.15 0.18       0.18   L45x5/S355 - 2xM12/8.8
1683  3     901   901  95  -42340  1    -42340  1   41552  1  0.74 0.39 0.69 0.84       0.84   L45x5/S355 - 2xM12/8.8
1687  4     901   901  95   -8335  1     -8335  1    8838  1  0.15 0.08 0.14 0.17       0.17   L45x5/S355 - 2xM12/8.8
1689  6    1500  1500 123     346  0       346  0   14520  1       0.12 0.24 0.29 0.25  0.29   L50x5/S355 - 2xM12/8.8
1691  7    1500  1500 123  -10549  1    -10549  1    3791  1  0.27 0.03 0.17 0.21 0.25  0.27   L50x5/S355 - 2xM12/8.8
Plan frame
1692 11 1  2121  2121 200    -495  1      -495  1      51  0  0.04 0.00 0.01 0.02 0.64  0.64   L45x5/S355 - 1xM12/8.8

Body panel nr 30 
 Mem Ty G  Leng  Lbuc Sle    Fbuc Lc N    Fmin Lc    Fmax Lc  Cbuc Cten Cbea Cbol Cben  Cmax   Profile/Material - Bolt
----------------------------------------------------------------------------------------------------------------------
1696  1    1000  1000  51 -111862  1   -111862  1   99634  1  0.22 0.16                 0.22   L100x10/S355
1700  3     901   901  95  -43424  1 1  -43424  1   46612  1  0.76 0.44 0.76 0.92       0.92   L45x5/S355 - 2xM12/8.8
1704  4     901   901  95    -908  1 1    -908  1    1067  1  0.02 0.01 0.02 0.02       0.02   L45x5/S355 - 2xM12/8.8
1708  3     901   901  95  -43560  1    -43560  1   46502  1  0.76 0.44 0.76 0.92       0.92   L45x5/S355 - 2xM12/8.8
1712  4     901   901  95    -829  1      -829  1    1075  1  0.01 0.01 0.02 0.02       0.02   L45x5/S355 - 2xM12/8.8

Body panel nr 31 
 Mem Ty G  Leng  Lbuc Sle    Fbuc Lc N    Fmin Lc    Fmax Lc  Cbuc Cten Cbea Cbol Cben  Cmax   Profile/Material - Bolt
----------------------------------------------------------------------------------------------------------------------
1716  1    1000  1000  51  -61467  1    -61467  1   52915  1  0.12 0.09                 0.12   L100x10/S355
1720  3     901   901  95  -45302  1 1  -45302  1   46180  1  0.80 0.44 0.76 0.91       0.91   L45x5/S355 - 2xM12/8.8
1724  4     901   901  95   -2004  1 1   -2004  1     658  1  0.04 0.01 0.03 0.04       0.04   L45x5/S355 - 2xM12/8.8
1728  3     901   901  95  -45239  1    -45239  1   46371  1  0.79 0.44 0.76 0.92       0.92   L45x5/S355 - 2xM12/8.8
1732  4     901   901  95   -2122  1     -2122  1     688  1  0.04 0.01 0.03 0.04       0.04   L45x5/S355 - 2xM12/8.8
1734  6    1500  1500 138     -41  0       -41  0   27020  1  0.00 0.26 0.44 0.53 0.31  0.53   L45x5/S355 - 2xM12/8.8
1736  7    1500  1500 138   -9912  1     -9912  1      39  0  0.35 0.00 0.16 0.20 0.31  0.35   L45x5/S355 - 2xM12/8.8

Body panel nr 32 
 Mem Ty G  Leng  Lbuc Sle    Fbuc Lc N    Fmin Lc    Fmax Lc  Cbuc Cten Cbea Cbol Cben  Cmax   Profile/Material - Bolt
----------------------------------------------------------------------------------------------------------------------
1740  1    1000  1000  51  -44744  1    -44744  1   28329  1  0.09 0.05                 0.09   L100x10/S355
1742  3    1803  1803 115  -53511  1    -53511  1   48083  1  0.83 0.28 0.55 0.60       0.83   L60x6/S355 - 2xM16/8.8
1744  4    1803  1803 115  -15228  1    -15228  1    2919  1  0.24 0.02 0.16 0.17       0.24   L60x6/S355 - 2xM16/8.8
1746  6    1500  1500 138   -4233  1     -4233  1   48015  1  0.15 0.46 0.79 0.95 0.31  0.95   L45x5/S355 - 2xM12/8.8
1748  7    1500  1500 138  -21460  1    -21460  1     -47  0  0.75      0.35 0.42 0.31  0.75   L45x5/S355 - 2xM12/8.8
Plan frame
1749 11 1  2121  2121 200      -5  0        -5  0    2294  1  0.00 0.06 0.07 0.08 0.64  0.64   L45x5/S355 - 1xM12/8.8

Cross-arm nr 1    Local panel nr 1 
 Mem Ty G  Leng  Lbuc Sle    Fbuc Lc N    Fmin Lc    Fmax Lc  Cbuc Cten Cbea Cbol Cben  Cmax   Profile/Material - Bolt
----------------------------------------------------------------------------------------------------------------------
1751  1    1140  1140  98  -71520  1    -71520  1    -174  0  0.82      0.74 0.80 0.11  0.82   L60x6/S355 - 2xM16/8.8
1753  2    1245  1245 143     433  0       433  0   21461  1       0.22 0.63 0.76 0.37  0.76   L45x5/S355 - 1xM12/8.8
1755  3    1245  1245 120   -1403  1     -1403  1    -240  0  0.05      0.04 0.05 0.37  0.37   L45x5/S355 - 1xM12/8.8
1756  4    1628  1628 153    -943  1      -943  1       3  0  0.05 0.00 0.03 0.03 0.48  0.48   L45x5/S355 - 1xM12/8.8
1757  5    1703  1703 160       8  0         8  0      18  1       0.00 0.00 0.00 0.51  0.51   L45x5/S355 - 1xM12/8.8
1759  6     500   500  46      99  0        96  0     867  1       0.02 0.03 0.03       0.03   L45x5/S355 - 1xM12/8.8
1760  7     900   900  83      -1  0        -1  0     770  1  0.00 0.02 0.02 0.03 0.26  0.26   L45x5/S355 - 1xM12/8.8

Cross-arm nr 1    Local panel nr 2 
 Mem Ty G  Leng  Lbuc Sle    Fbuc Lc N    Fmin Lc    Fmax Lc  Cbuc Cten Cbea Cbol Cben  Cmax   Profile/Material - Bolt
----------------------------------------------------------------------------------------------------------------------
1763  1    1140  1140  98  -68510  1    -68510  1    -170  0  0.78      0.71 0.77 0.11  0.78   L60x6/S355 - 2xM16/8.8
1765  2    1245  1245 143     183  0       183  0   20487  1       0.21 0.60 0.73 0.37  0.73   L45x5/S355 - 1xM12/8.8
1766  4    1253  1253 121   -3916  1     -3916  1       2  0  0.13 0.00 0.12 0.14 0.37  0.37   L45x5/S355 - 1xM12/8.8
1767  5    1349  1349 128   -1544  1     -1544  1      11  0  0.06 0.00 0.05 0.05 0.40  0.40   L45x5/S355 - 1xM12/8.8

Cross-arm nr 2    Local panel nr 1 
 Mem Ty G  Leng  Lbuc Sle    Fbuc Lc N    Fmin Lc    Fmax Lc  Cbuc Cten Cbea Cbol Cben  Cmax   Profile/Material - Bolt
----------------------------------------------------------------------------------------------------------------------
1770  1    1140  1140  98    -182  0      -182  0   37615  1  0.00 0.24 0.39 0.42 0.11  0.42   L60x6/S355 - 2xM16/8.8
1772  2    1245  1245 143     433  0       433  0   22541  1       0.23 0.66 0.80 0.37  0.80   L45x5/S355 - 1xM12/8.8
1774  3    1245  1245 120    -249  0      -249  0     924  1  0.01 0.02 0.03 0.03 0.37  0.37   L45x5/S355 - 1xM12/8.8
1775  4    1628  1628 153       3  0         3  0     445  1       0.01 0.01 0.02 0.48  0.48   L45x5/S355 - 1xM12/8.8
1776  5    1703  1703 160       8  0         8  0     220  1       0.01 0.01 0.01 0.51  0.51   L45x5/S355 - 1xM12/8.8
1778  6     500   500  46    -526  1      -526  1      99  0  0.01 0.00 0.02 0.02       0.02   L45x5/S355 - 1xM12/8.8
1779  7     900   900  83    -641  1      -641  1      -1  0  0.01      0.02 0.02 0.26  0.26   L45x5/S355 - 1xM12/8.8

Cross-arm nr 2    Local panel nr 2 
 Mem Ty G  Leng  Lbuc Sle    Fbuc Lc N    Fmin Lc    Fmax Lc  Cbuc Cten Cbea Cbol Cben  Cmax   Profile/Material - Bolt
----------------------------------------------------------------------------------------------------------------------
1782  1    1140  1140  98    -178  0      -178  0   33237  1  0.00 0.21 0.34 0.37 0.11  0.37   L60x6/S355 - 2xM16/8.8
1784  2    1245  1245 143     183  0       183  0   18982  1       0.19 0.56 0.67 0.37  0.67   L45x5/S355 - 1xM12/8.8
1785  4    1253  1253 121       2  0         2  0    5053  1       0.13 0.15 0.18 0.37  0.37   L45x5/S355 - 1xM12/8.8
1786  5    1349  1349 128      11  0        11  0    4737  1       0.12 0.14 0.17 0.40  0.40   L45x5/S355 - 1xM12/8.8

Cross-arm nr 3    Local panel nr 1 
 Mem Ty G  Leng  Lbuc Sle    Fbuc Lc N    Fmin Lc    Fmax Lc  Cbuc Cten Cbea Cbol Cben  Cmax   Profile/Material - Bolt
----------------------------------------------------------------------------------------------------------------------
1789  1    1140  1140  98  -71837  1    -71837  1    -174  0  0.82      0.74 0.80 0.11  0.82   L60x6/S355 - 2xM16/8.8
1791  2    1245  1245 143     433  0       433  0   21553  1       0.22 0.64 0.77 0.37  0.77   L45x5/S355 - 1xM12/8.8
1793  3    1245  1245 120   -1230  1     -1230  1    -240  0  0.04      0.04 0.04 0.37  0.37   L45x5/S355 - 1xM12/8.8
1794  4    1628  1628 153    -669  1      -669  1       2  0  0.03 0.00 0.02 0.02 0.48  0.48   L45x5/S355 - 1xM12/8.8
1795  5    1703  1703 160       7  0         7  0     194  1       0.01 0.01 0.01 0.51  0.51   L45x5/S355 - 1xM12/8.8
1797  6     500   500  46      99  0        97  0     663  1       0.02 0.02 0.02       0.02   L45x5/S355 - 1xM12/8.8
1798  7     900   900  83      -1  0        -1  0     747  1  0.00 0.02 0.02 0.03 0.26  0.26   L45x5/S355 - 1xM12/8.8

Cross-arm nr 3    Local panel nr 2 
 Mem Ty G  Leng  Lbuc Sle    Fbuc Lc N    Fmin Lc    Fmax Lc  Cbuc Cten Cbea Cbol Cben  Cmax   Profile/Material - Bolt
----------------------------------------------------------------------------------------------------------------------
1801  1    1140  1140  98  -68396  1    -68396  1    -170  0  0.78      0.71 0.77 0.11  0.78   L60x6/S355 - 2xM16/8.8
1803  2    1245  1245 143     183  0       183  0   20714  1       0.21 0.61 0.74 0.37  0.74   L45x5/S355 - 1xM12/8.8
1804  4    1253  1253 121   -4064  1     -4064  1       2  0  0.13 0.00 0.12 0.14 0.37  0.37   L45x5/S355 - 1xM12/8.8
1805  5    1349  1349 128   -1764  1     -1764  1      12  0  0.06 0.00 0.05 0.06 0.40  0.40   L45x5/S355 - 1xM12/8.8

Cross-arm nr 4    Local panel nr 1 
 Mem Ty G  Leng  Lbuc Sle    Fbuc Lc N    Fmin Lc    Fmax Lc  Cbuc Cten Cbea Cbol Cben  Cmax   Profile/Material - Bolt
----------------------------------------------------------------------------------------------------------------------
1808  1    1140  1140  98    -182  0      -182  0   37785  1  0.00 0.24 0.39 0.42 0.11  0.42   L60x6/S355 - 2xM16/8.8
1810  2    1245  1245 143     433  0       433  0   22915  1       0.23 0.68 0.81 0.37  0.81   L45x5/S355 - 1xM12/8.8
1812  3    1245  1245 120    -255  1      -255  1     758  1  0.01 0.02 0.02 0.03 0.37  0.37   L45x5/S355 - 1xM12/8.8
1813  4    1628  1628 153       2  0         2  0     234  1       0.01 0.01 0.01 0.48  0.48   L45x5/S355 - 1xM12/8.8
1814  5    1703  1703 160       7  0         7  0      73  1       0.00 0.00 0.00 0.51  0.51   L45x5/S355 - 1xM12/8.8
1816  6     500   500  46    -331  1      -331  1      99  0  0.00 0.00 0.01 0.01       0.01   L45x5/S355 - 1xM12/8.8
1817  7     900   900  83    -640  1      -640  1      -1  0  0.01      0.02 0.02 0.26  0.26   L45x5/S355 - 1xM12/8.8

Cross-arm nr 4    Local panel nr 2 
 Mem Ty G  Leng  Lbuc Sle    Fbuc Lc N    Fmin Lc    Fmax Lc  Cbuc Cten Cbea Cbol Cben  Cmax   Profile/Material - Bolt
----------------------------------------------------------------------------------------------------------------------
1820  1    1140  1140  98    -178  0      -178  0   33276  1  0.00 0.21 0.34 0.37 0.11  0.37   L60x6/S355 - 2xM16/8.8
1822  2    1245  1245 143     183  0       183  0   18927  1       0.19 0.56 0.67 0.37  0.67   L45x5/S355 - 1xM12/8.8
1823  4    1253  1253 121       2  0         2  0    5102  1       0.13 0.15 0.18 0.37  0.37   L45x5/S355 - 1xM12/8.8
1824  5    1349  1349 128      12  0        12  0    4834  1       0.13 0.14 0.17 0.40  0.40   L45x5/S355 - 1xM12/8.8

Cross-arm nr 5    Local panel nr 1 
 Mem Ty G  Leng  Lbuc Sle    Fbuc Lc N    Fmin Lc    Fmax Lc  Cbuc Cten Cbea Cbol Cben  Cmax   Profile/Material - Bolt
----------------------------------------------------------------------------------------------------------------------
1827  1    1140  1140  98  -72590  1    -72590  1    -178  0  0.83      0.75 0.81 0.11  0.83   L60x6/S355 - 2xM16/8.8
1829  2    1245  1245 143     437  0       430  0   22072  1       0.23 0.65 0.78 0.37  0.78   L45x5/S355 - 1xM12/8.8
1831  3    1245  1245 120   -1045  1     -1045  1    -239  0  0.03      0.03 0.04 0.37  0.37   L45x5/S355 - 1xM12/8.8
1832  4    1628  1628 153    -332  1      -332  1       4  0  0.02 0.00 0.01 0.01 0.48  0.48   L45x5/S355 - 1xM12/8.8
1833  5    1703  1703 160       9  0         9  0     442  1       0.01 0.01 0.02 0.51  0.51   L45x5/S355 - 1xM12/8.8
1835  6     500   500  46      99  0        96  0     559  1       0.01 0.02 0.02       0.02   L45x5/S355 - 1xM12/8.8
1836  7     900   900  83      -1  0        -1  0     694  1  0.00 0.02 0.02 0.02 0.26  0.26   L45x5/S355 - 1xM12/8.8

Cross-arm nr 5    Local panel nr 2 
 Mem Ty G  Leng  Lbuc Sle    Fbuc Lc N    Fmin Lc    Fmax Lc  Cbuc Cten Cbea Cbol Cben  Cmax   Profile/Material - Bolt
----------------------------------------------------------------------------------------------------------------------
1839  1    1140  1140  98  -68462  1    -68462  1    -171  0  0.78      0.71 0.77 0.11  0.78   L60x6/S355 - 2xM16/8.8
1841  2    1245  1245 143     188  0       185  0   21310  1       0.22 0.63 0.76 0.37  0.76   L45x5/S355 - 1xM12/8.8
1842  4    1253  1253 121   -4563  1     -4563  1      -2  0  0.15      0.13 0.16 0.37  0.37   L45x5/S355 - 1xM12/8.8
1843  5    1349  1349 128   -2362  1     -2362  1       7  0  0.09 0.00 0.07 0.08 0.40  0.40   L45x5/S355 - 1xM12/8.8

Cross-arm nr 6    Local panel nr 1 
 Mem Ty G  Leng  Lbuc Sle    Fbuc Lc N    Fmin Lc    Fmax Lc  Cbuc Cten Cbea Cbol Cben  Cmax   Profile/Material - Bolt
----------------------------------------------------------------------------------------------------------------------
1846  1    1140  1140  98    -179  0      -179  0   40985  1  0.00 0.26 0.42 0.46 0.11  0.46   L60x6/S355 - 2xM16/8.8
1848  2    1245  1245 143     437  0       430  0   17321  1       0.18 0.51 0.62 0.37  0.62   L45x5/S355 - 1xM12/8.8
1850  3    1245  1245 120    -251  1      -251  1     732  1  0.01 0.02 0.02 0.03 0.37  0.37   L45x5/S355 - 1xM12/8.8
1851  4    1628  1628 153       4  0         4  0     435  1       0.01 0.01 0.02 0.48  0.48   L45x5/S355 - 1xM12/8.8
1852  5    1703  1703 160       9  0         9  0     259  1       0.01 0.01 0.01 0.51  0.51   L45x5/S355 - 1xM12/8.8
1854  6     500   500  46    -299  1      -299  1      99  0  0.00 0.00 0.01 0.01       0.01   L45x5/S355 - 1xM12/8.8
1855  7     900   900  83    -664  1      -664  1      -1  0  0.01      0.02 0.02 0.26  0.26   L45x5/S355 - 1xM12/8.8

Cross-arm nr 6    Local panel nr 2 
 Mem Ty G  Leng  Lbuc Sle    Fbuc Lc N    Fmin Lc    Fmax Lc  Cbuc Cten Cbea Cbol Cben  Cmax   Profile/Material - Bolt
----------------------------------------------------------------------------------------------------------------------
1858  1    1140  1140  98    -174  0      -174  0   37319  1  0.00 0.24 0.39 0.42 0.11  0.42   L60x6/S355 - 2xM16/8.8
1860  2    1245  1245 143     188  0       185  0   14444  1       0.15 0.43 0.51 0.37  0.51   L45x5/S355 - 1xM12/8.8
1861  4    1253  1253 121      -2  0        -2  0    4325  1  0.00 0.11 0.13 0.15 0.37  0.37   L45x5/S355 - 1xM12/8.8
1862  5    1349  1349 128       7  0         7  0    3766  1       0.10 0.11 0.13 0.40  0.40   L45x5/S355 - 1xM12/8.8

Cross-arm nr 7    Local panel nr 1 
 Mem Ty G  Leng  Lbuc Sle    Fbuc Lc N    Fmin Lc    Fmax Lc  Cbuc Cten Cbea Cbol Cben  Cmax   Profile/Material - Bolt
----------------------------------------------------------------------------------------------------------------------
1865  1    1269  1269 109    -469  1      -469  1    3377  1  0.01 0.02 0.03 0.04 0.12  0.12   L60x6/S355 - 2xM16/8.8
1867  2    1269  1269 146    -227  1      -227  1    3635  1  0.01 0.04 0.04 0.05 0.22  0.22   L45x5/S355 - 3xM12/8.8
1868  4    1435  1435 135   -3581  1     -3581  1       4  0  0.15 0.00 0.11 0.13 0.43  0.43   L45x5/S355 - 1xM12/8.8
1869  5    1435  1435 135   -3541  1     -3541  1      10  0  0.14 0.00 0.10 0.13 0.43  0.43   L45x5/S355 - 1xM12/8.8

Cross-arm nr 8    Local panel nr 1 
 Mem Ty G  Leng  Lbuc Sle    Fbuc Lc N    Fmin Lc    Fmax Lc  Cbuc Cten Cbea Cbol Cben  Cmax   Profile/Material - Bolt
----------------------------------------------------------------------------------------------------------------------
1872  1    1269  1269 109    -111  0      -111  0   34562  1  0.00 0.22 0.36 0.39 0.12  0.39   L60x6/S355 - 2xM16/8.8
1874  2    1269  1269 146     102  0        98  0   52383  1       0.53 0.57 0.69 0.22  0.69   L45x5/S355 - 3xM12/8.8
1875  4    1435  1435 135       4  0         4  0   11514  1       0.30 0.34 0.41 0.43  0.43   L45x5/S355 - 1xM12/8.8
1876  5    1435  1435 135      10  0        10  0   12189  1       0.32 0.36 0.43 0.43  0.43   L45x5/S355 - 1xM12/8.8


Max use factors for buckling in Body
Typ Memb Pane  Cbuc   Load Case
--------------------------------------------------
  1    4    1  0.97    1  Wind l+лед
  3  706    8  1.00    1  Wind l+лед
  4  711    8  1.00    1  Wind l+лед
  6  315    4  0.99    1  Wind l+лед
  7 1748   32  0.75    1  Wind l+лед
  8 1226   13  0.55    1  Wind l+лед
 10  470    5  0.96    1  Wind l+лед
 11 1140   12  0.35    1  Wind l+лед

Max use factors for joints in Body
Typ Memb Pane  Cjnt Item   Load Case
--------------------------------------------------
  1    2    1  1.25 Bolt    1  Wind l+лед
  3  206    3  1.00 Bolt    1  Wind l+лед
  4 1215   13  0.69 Bolt    1  Wind l+лед
  6 1116   12  0.95 Bolt    1  Wind l+лед
  7 1748   32  0.42 Bolt    1  Wind l+лед
  8 1336   15  0.99 Bolt    1  Wind l+лед
 10   62    1  0.89 Bolt    1  Wind l+лед
 11 1133   12  0.42 Bolt    1  Wind l+лед

Max use factors for buckling in Cross-arms
Typ Memb Pane  Cbuc   Load Case
--------------------------------------------------
  1 1827    9  0.83    1  Wind l+лед
  2 1867   13  0.01    1  Wind l+лед
  3 1755    1  0.05    1  Wind l+лед
  4 1842   10  0.15    1  Wind l+лед
  5 1869   13  0.14    1  Wind l+лед
  6 1778    3  0.01    1  Wind l+лед
  7 1855   11  0.01    1  Wind l+лед

Max use factors for joints in Cross-arms
Typ Memb Pane  Cjnt Item   Load Case
--------------------------------------------------
  1 1827    9  0.81 Bolt    1  Wind l+лед
  2 1810    7  0.81 Bolt    1  Wind l+лед
  3 1755    1  0.05 Bolt    1  Wind l+лед
  4 1875   14  0.41 Bolt    1  Wind l+лед
  5 1876   14  0.43 Bolt    1  Wind l+лед
  6 1759    1  0.03 Bolt    1  Wind l+лед
  7 1760    1  0.03 Bolt    1  Wind l+лед


Key for symbols:
----------------------------------------------------------------------------------------------------------------------
Ty    = Member type
        1 = Leg or chord member (lower/outer)
        2 = Chord member (upper/inner)
        3 = Diagonal member (front face)
        4 = Diagonal member (side/lower/outer face)
        5 = Diagonal member (inner/upper face)
        6 = Horizontal member (front face)
        7 = Horizontal member (side/lower/outer face)
        8 = Horizontal member (inner/upper face or middle)
        9 = Stiffener member
       10 = Redundant member
       11 = Plan frame member
G     = Member group nr in sub-structure
Leng  = Total length of member (mm)
Lbuc  = Buckling length of member (- sign means buckling about x-x axis)
Sle   = Effective slenderness (incl. end restraint effects)
Fbuc  = Design force for buckling (N)
Lc    = Nr of load case controlling the buckling
N     = Nr of special item for buckling of bracings (see separate figure)
        1 = Stability of 1 memb due to v-v axis for length L1 with Fbuc=Fmin
        2 = Stability of 1 memb due to x-x axis for length L2 with Fbuc=Fmin
        3 = Stability of 2 memb in same face due to x-x axis for length L3 with Fbuc=Fave
        4 = Stability of 2 memb in adj faces due to x-x axis for length L4 with Fbuc=Fave
        5 = Stability of 4 memb due to x-x axis for length L5 with Fbuc=Fave
            Fave = Average member force of participating members in case concerned
Fmin  = Minimum force (N), i.e. max compression
Lc    = Nr of load case giving the minimum force
Fmax  = Maximum force (N), i.e. max tension
Lc    = Nr of load case giving the maximum force
Cbuc  = Maximum use factor for buckling
Cten  = Maximum use factor for tension
Cbea  = Maximum use factor for bearing at bolt hole
Cbol  = Maximum use factor for bolt shear or tension
Cben  = Maximum use factor for bending (manload)
Cmax  = Maximum use factor of all above
Mark at the end of line (if any):
 *    = Allowable load capacity exceeded (i.e. any of Ci>1)
 +    = Allowable slenderness exceeded
